63
606
0 67.0 32.0
1 72.0 84.0
2 82.0 36.0
3 19.0 15.0
4 73.0 11.0
5 4.0 53.0
6 28.0 24.0
7 82.0 28.0
8 85.0 87.0
9 59.0 41.0
10 63.0 16.0
11 88.0 76.0
12 21.0 17.0
13 77.0 4.0
14 43.0 81.0
15 82.0 74.0
16 86.0 55.0
17 98.0 59.0
18 96.0 91.0
19 77.0 80.0
20 69.0 71.0
21 28.0 78.0
22 55.0 96.0
23 33.0 76.0
24 53.0 31.0
25 17.0 27.0
26 67.0 39.0
27 11.0 85.0
28 4.0 67.0
29 75.0 6.0
30 4.0 100.0
31 71.0 40.0
32 4.0 94.0
33 81.0 96.0
34 91.0 66.0
35 40.0 65.0
36 26.0 30.0
37 79.0 89.0
38 36.0 92.0
39 1.0 34.0
40 82.0 50.0
41 43.0 65.0
42 28.0 95.0
43 54.0 92.0
44 84.0 77.0
45 64.0 52.0
46 37.0 83.0
47 58.0 80.0
48 100.0 74.0
49 96.0 65.0
50 20.0 31.0
51 58.0 88.0
52 95.0 13.0
53 56.0 23.0
54 33.0 40.0
55 50.0 21.0
56 94.0 17.0
57 67.0 87.0
58 100.0 47.0
59 47.0 71.0
60 96.0 11.0
61 89.0 69.0
62 74.0 75.0
0 2 16.0
0 4 22.0
0 7 16.0
0 9 12.0
0 10 16.0
0 24 14.0
0 26 7.0
0 31 9.0
0 40 23.0
0 45 20.0
0 53 14.0
0 55 20.0
1 8 13.0
1 11 18.0
1 15 14.0
1 19 6.0
1 20 13.0
1 22 21.0
1 33 15.0
1 37 9.0
1 43 20.0
1 44 14.0
1 47 15.0
1 51 15.0
1 57 6.0
1 61 23.0
1 62 9.0
2 0 16.0
2 7 8.0
2 9 24.0
2 16 19.0
2 26 15.0
2 31 12.0
2 40 14.0
2 45 24.0
2 56 22.0
2 58 21.0
3 6 13.0
3 12 3.0
3 25 12.0
3 36 17.0
3 50 16.0
4 0 22.0
4 7 19.0
4 10 11.0
4 13 8.0
4 29 5.0
4 52 22.0
4 53 21.0
4 56 22.0
4 60 23.0
5 28 14.0
5 39 19.0
6 3 13.0
6 12 10.0
6 25 11.0
6 36 6.0
6 50 11.0
6 54 17.0
6 55 22.0
7 0 16.0
7 2 8.0
7 4 19.0
7 10 22.0
7 26 19.0
7 29 23.0
7 31 16.0
7 40 22.0
7 52 20.0
7 56 16.0
7 60 22.0
8 1 13.0
8 11 11.0
8 15 13.0
8 18 12.0
8 19 11.0
8 20 23.0
8 33 10.0
8 34 22.0
8 37 6.0
8 44 10.0
8 48 20.0
8 57 18.0
8 61 18.0
8 62 16.0
9 0 12.0
9 2 24.0
9 24 12.0
9 26 8.0
9 31 12.0
9 45 12.0
9 53 18.0
9 55 22.0
10 0 16.0
10 4 11.0
10 7 22.0
10 13 18.0
10 24 18.0
10 26 23.0
10 29 16.0
10 53 10.0
10 55 14.0
11 1 18.0
11 8 11.0
11 15 6.0
11 16 21.0
11 17 20.0
11 18 17.0
11 19 12.0
11 20 20.0
11 33 21.0
11 34 10.0
11 37 16.0
11 44 4.0
11 48 12.0
11 49 14.0
11 57 24.0
11 61 7.0
11 62 14.0
12 3 3.0
12 6 10.0
12 25 11.0
12 36 14.0
12 50 14.0
13 4 8.0
13 10 18.0
13 29 3.0
13 52 20.0
13 56 21.0
13 60 20.0
14 21 15.0
14 22 19.0
14 23 11.0
14 35 16.0
14 38 13.0
14 41 16.0
14 42 21.0
14 43 16.0
14 46 6.0
14 47 15.0
14 51 17.0
14 59 11.0
15 1 14.0
15 8 13.0
15 11 6.0
15 16 19.0
15 17 22.0
15 18 22.0
15 19 8.0
15 20 13.0
15 33 22.0
15 34 12.0
15 37 15.0
15 40 24.0
15 44 4.0
15 48 18.0
15 49 17.0
15 57 20.0
15 61 9.0
15 62 8.0
16 2 19.0
16 11 21.0
16 15 19.0
16 17 13.0
16 20 23.0
16 31 21.0
16 34 12.0
16 40 6.0
16 44 22.0
16 45 22.0
16 48 24.0
16 49 14.0
16 58 16.0
16 61 14.0
16 62 23.0
17 11 20.0
17 15 22.0
17 16 13.0
17 34 10.0
17 40 18.0
17 44 23.0
17 48 15.0
17 49 6.0
17 58 12.0
17 61 13.0
18 8 12.0
18 11 17.0
18 15 22.0
18 19 22.0
18 33 16.0
18 37 17.0
18 44 18.0
18 48 17.0
18 61 23.0
19 1 6.0
19 8 11.0
19 11 12.0
19 15 8.0
19 18 22.0
19 20 12.0
19 33 16.0
19 34 20.0
19 37 9.0
19 44 8.0
19 47 19.0
19 48 24.0
19 49 24.0
19 51 21.0
19 57 12.0
19 61 16.0
19 62 6.0
20 1 13.0
20 8 23.0
20 11 20.0
20 15 13.0
20 16 23.0
20 19 12.0
20 34 23.0
20 37 21.0
20 44 16.0
20 45 20.0
20 47 14.0
20 51 20.0
20 57 16.0
20 59 22.0
20 61 20.0
20 62 6.0
21 14 15.0
21 23 5.0
21 27 18.0
21 35 18.0
21 38 16.0
21 41 20.0
21 42 17.0
21 46 10.0
21 59 20.0
22 1 21.0
22 14 19.0
22 38 19.0
22 43 4.0
22 46 22.0
22 47 16.0
22 51 9.0
22 57 15.0
23 14 11.0
23 21 5.0
23 27 24.0
23 35 13.0
23 38 16.0
23 41 15.0
23 42 20.0
23 46 8.0
23 59 15.0
24 0 14.0
24 9 12.0
24 10 18.0
24 26 16.0
24 31 20.0
24 45 24.0
24 53 9.0
24 54 22.0
24 55 10.0
25 3 12.0
25 6 11.0
25 12 11.0
25 36 9.0
25 39 17.0
25 50 5.0
25 54 21.0
26 0 7.0
26 2 15.0
26 7 19.0
26 9 8.0
26 10 23.0
26 24 16.0
26 31 4.0
26 40 19.0
26 45 13.0
26 53 19.0
27 21 18.0
27 23 24.0
27 28 19.0
27 30 17.0
27 32 11.0
27 42 20.0
28 5 14.0
28 27 19.0
29 4 5.0
29 7 23.0
29 10 16.0
29 13 3.0
29 52 21.0
29 56 22.0
29 60 22.0
30 27 17.0
30 32 6.0
31 0 9.0
31 2 12.0
31 7 16.0
31 9 12.0
31 16 21.0
31 24 20.0
31 26 4.0
31 40 15.0
31 45 14.0
31 53 23.0
32 27 11.0
32 30 6.0
32 42 24.0
33 1 15.0
33 8 10.0
33 11 21.0
33 15 22.0
33 18 16.0
33 19 16.0
33 37 7.0
33 44 19.0
33 51 24.0
33 57 17.0
33 62 22.0
34 8 22.0
34 11 10.0
34 15 12.0
34 16 12.0
34 17 10.0
34 19 20.0
34 20 23.0
34 40 18.0
34 44 13.0
34 48 12.0
34 49 5.0
34 58 21.0
34 61 4.0
34 62 19.0
35 14 16.0
35 21 18.0
35 23 13.0
35 41 3.0
35 46 18.0
35 47 23.0
35 59 9.0
36 3 17.0
36 6 6.0
36 12 14.0
36 25 9.0
36 50 6.0
36 54 12.0
37 1 9.0
37 8 6.0
37 11 16.0
37 15 15.0
37 18 17.0
37 19 9.0
37 20 21.0
37 33 7.0
37 44 13.0
37 47 23.0
37 51 21.0
37 57 12.0
37 61 22.0
37 62 15.0
38 14 13.0
38 21 16.0
38 22 19.0
38 23 16.0
38 42 9.0
38 43 18.0
38 46 9.0
38 51 22.0
38 59 24.0
39 5 19.0
39 25 17.0
39 50 19.0
40 0 23.0
40 2 14.0
40 7 22.0
40 15 24.0
40 16 6.0
40 17 18.0
40 26 19.0
40 31 15.0
40 34 18.0
40 45 18.0
40 49 21.0
40 58 18.0
40 61 20.0
41 14 16.0
41 21 20.0
41 23 15.0
41 35 3.0
41 46 19.0
41 47 21.0
41 59 7.0
42 14 21.0
42 21 17.0
42 23 20.0
42 27 20.0
42 32 24.0
42 38 9.0
42 46 15.0
43 1 20.0
43 14 16.0
43 22 4.0
43 38 18.0
43 46 19.0
43 47 13.0
43 51 6.0
43 57 14.0
43 59 22.0
44 1 14.0
44 8 10.0
44 11 4.0
44 15 4.0
44 16 22.0
44 17 23.0
44 18 18.0
44 19 8.0
44 20 16.0
44 33 19.0
44 34 13.0
44 37 13.0
44 48 16.0
44 49 17.0
44 57 20.0
44 61 9.0
44 62 10.0
45 0 20.0
45 2 24.0
45 9 12.0
45 16 22.0
45 20 20.0
45 24 24.0
45 26 13.0
45 31 14.0
45 40 18.0
46 14 6.0
46 21 10.0
46 22 22.0
46 23 8.0
46 35 18.0
46 38 9.0
46 41 19.0
46 42 15.0
46 43 19.0
46 47 21.0
46 51 22.0
46 59 16.0
47 1 15.0
47 14 15.0
47 19 19.0
47 20 14.0
47 22 16.0
47 35 23.0
47 37 23.0
47 41 21.0
47 43 13.0
47 46 21.0
47 51 8.0
47 57 11.0
47 59 14.0
47 62 17.0
48 8 20.0
48 11 12.0
48 15 18.0
48 16 24.0
48 17 15.0
48 18 17.0
48 19 24.0
48 34 12.0
48 44 16.0
48 49 10.0
48 61 12.0
49 11 14.0
49 15 17.0
49 16 14.0
49 17 6.0
49 19 24.0
49 34 5.0
49 40 21.0
49 44 17.0
49 48 10.0
49 58 18.0
49 61 8.0
49 62 24.0
50 3 16.0
50 6 11.0
50 12 14.0
50 25 5.0
50 36 6.0
50 39 19.0
50 54 16.0
51 1 15.0
51 14 17.0
51 19 21.0
51 20 20.0
51 22 9.0
51 33 24.0
51 37 21.0
51 38 22.0
51 43 6.0
51 46 22.0
51 47 8.0
51 57 9.0
51 59 20.0
51 62 21.0
52 4 22.0
52 7 20.0
52 13 20.0
52 29 21.0
52 56 4.0
52 60 2.0
53 0 14.0
53 4 21.0
53 9 18.0
53 10 10.0
53 24 9.0
53 26 19.0
53 31 23.0
53 55 6.0
54 6 17.0
54 24 22.0
54 25 21.0
54 36 12.0
54 50 16.0
55 0 20.0
55 6 22.0
55 9 22.0
55 10 14.0
55 24 10.0
55 53 6.0
56 2 22.0
56 4 22.0
56 7 16.0
56 13 21.0
56 29 22.0
56 52 4.0
56 60 6.0
57 1 6.0
57 8 18.0
57 11 24.0
57 15 20.0
57 19 12.0
57 20 16.0
57 22 15.0
57 33 17.0
57 37 12.0
57 43 14.0
57 44 20.0
57 47 11.0
57 51 9.0
57 62 14.0
58 2 21.0
58 16 16.0
58 17 12.0
58 34 21.0
58 40 18.0
58 49 18.0
59 14 11.0
59 20 22.0
59 21 20.0
59 23 15.0
59 35 9.0
59 38 24.0
59 41 7.0
59 43 22.0
59 46 16.0
59 47 14.0
59 51 20.0
60 4 23.0
60 7 22.0
60 13 20.0
60 29 22.0
60 52 2.0
60 56 6.0
61 1 23.0
61 8 18.0
61 11 7.0
61 15 9.0
61 16 14.0
61 17 13.0
61 18 23.0
61 19 16.0
61 20 20.0
61 34 4.0
61 37 22.0
61 40 20.0
61 44 9.0
61 48 12.0
61 49 8.0
61 62 16.0
62 1 9.0
62 8 16.0
62 11 14.0
62 15 8.0
62 16 23.0
62 19 6.0
62 20 6.0
62 33 22.0
62 34 19.0
62 37 15.0
62 44 10.0
62 47 17.0
62 49 24.0
62 51 21.0
62 57 14.0
62 61 16.0
