81
886
0 11.0 31.0
1 59.0 88.0
2 64.0 85.0
3 76.0 43.0
4 56.0 67.0
5 30.0 78.0
6 35.0 31.0
7 98.0 19.0
8 69.0 21.0
9 99.0 91.0
10 76.0 35.0
11 88.0 19.0
12 18.0 24.0
13 93.0 59.0
14 31.0 56.0
15 71.0 41.0
16 79.0 85.0
17 29.0 99.0
18 86.0 2.0
19 29.0 87.0
20 9.0 73.0
21 84.0 45.0
22 85.0 72.0
23 71.0 98.0
24 23.0 25.0
25 77.0 86.0
26 10.0 66.0
27 98.0 83.0
28 11.0 22.0
29 58.0 77.0
30 93.0 47.0
31 23.0 98.0
32 33.0 4.0
33 21.0 39.0
34 78.0 2.0
35 22.0 19.0
36 49.0 16.0
37 8.0 65.0
38 54.0 58.0
39 47.0 15.0
40 94.0 14.0
41 59.0 85.0
42 14.0 36.0
43 20.0 29.0
44 100.0 66.0
45 14.0 69.0
46 33.0 46.0
47 76.0 5.0
48 15.0 27.0
49 100.0 76.0
50 50.0 63.0
51 45.0 33.0
52 93.0 82.0
53 28.0 59.0
54 99.0 39.0
55 74.0 86.0
56 28.0 72.0
57 7.0 94.0
58 42.0 37.0
59 42.0 84.0
60 74.0 59.0
61 38.0 11.0
62 73.0 90.0
63 4.0 6.0
64 70.0 91.0
65 46.0 7.0
66 17.0 21.0
67 81.0 27.0
68 61.0 68.0
69 70.0 98.0
70 35.0 85.0
71 82.0 64.0
72 85.0 30.0
73 1.0 41.0
74 7.0 14.0
75 6.0 42.0
76 61.0 6.0
77 69.0 8.0
78 56.0 69.0
79 88.0 32.0
80 8.0 7.0
0 6 24.0
0 12 10.0
0 24 13.0
0 28 9.0
0 33 13.0
0 35 16.0
0 42 6.0
0 43 9.0
0 48 6.0
0 66 12.0
0 73 14.0
0 74 17.0
0 75 12.0
0 80 24.0
1 2 6.0
1 4 21.0
1 16 20.0
1 23 16.0
1 25 18.0
1 29 11.0
1 41 3.0
1 55 15.0
1 59 17.0
1 62 14.0
1 64 11.0
1 68 20.0
1 69 15.0
1 70 24.0
1 78 19.0
2 1 6.0
2 4 20.0
2 16 15.0
2 23 15.0
2 25 13.0
2 29 10.0
2 41 5.0
2 55 10.0
2 59 22.0
2 62 10.0
2 64 8.0
2 68 17.0
2 69 14.0
2 78 18.0
3 8 23.0
3 10 8.0
3 13 23.0
3 15 5.0
3 21 8.0
3 30 17.0
3 54 23.0
3 60 16.0
3 67 17.0
3 71 22.0
3 72 16.0
3 79 16.0
4 1 21.0
4 2 20.0
4 29 10.0
4 38 9.0
4 41 18.0
4 50 7.0
4 59 22.0
4 60 20.0
4 68 5.0
4 78 2.0
5 14 22.0
5 17 21.0
5 19 9.0
5 20 22.0
5 26 23.0
5 31 21.0
5 45 18.0
5 53 19.0
5 56 6.0
5 59 13.0
5 70 9.0
6 0 24.0
6 12 18.0
6 24 13.0
6 33 16.0
6 35 18.0
6 36 21.0
6 39 20.0
6 42 22.0
6 43 15.0
6 46 15.0
6 48 20.0
6 51 10.0
6 58 9.0
6 61 20.0
6 66 21.0
7 11 10.0
7 18 21.0
7 40 6.0
7 54 20.0
7 67 19.0
7 72 17.0
7 79 16.0
8 3 23.0
8 10 16.0
8 11 19.0
8 15 20.0
8 34 21.0
8 36 21.0
8 39 23.0
8 47 17.0
8 67 13.0
8 72 18.0
8 76 17.0
8 77 13.0
8 79 22.0
9 16 21.0
9 22 24.0
9 25 23.0
9 27 8.0
9 49 15.0
9 52 11.0
10 3 8.0
10 8 16.0
10 11 20.0
10 15 8.0
10 21 13.0
10 30 21.0
10 54 23.0
10 60 24.0
10 67 9.0
10 72 10.0
10 79 12.0
11 7 10.0
11 8 19.0
11 10 20.0
11 18 17.0
11 34 20.0
11 40 8.0
11 47 18.0
11 54 23.0
11 67 11.0
11 72 11.0
11 77 22.0
11 79 13.0
12 0 10.0
12 6 18.0
12 24 5.0
12 28 7.0
12 33 15.0
12 35 6.0
12 42 13.0
12 43 5.0
12 48 4.0
12 61 24.0
12 63 23.0
12 66 3.0
12 73 24.0
12 74 15.0
12 75 22.0
12 80 20.0
13 3 23.0
13 21 17.0
13 22 15.0
13 30 12.0
13 44 10.0
13 49 18.0
13 52 23.0
13 54 21.0
13 60 19.0
13 71 12.0
14 5 22.0
14 26 23.0
14 33 20.0
14 38 23.0
14 45 21.0
14 46 10.0
14 50 20.0
14 53 4.0
14 56 16.0
14 58 22.0
15 3 5.0
15 8 20.0
15 10 8.0
15 21 14.0
15 30 23.0
15 38 24.0
15 60 18.0
15 67 17.0
15 72 18.0
15 79 19.0
16 1 20.0
16 2 15.0
16 9 21.0
16 22 14.0
16 23 15.0
16 25 2.0
16 27 19.0
16 29 22.0
16 41 20.0
16 49 23.0
16 52 14.0
16 55 5.0
16 62 8.0
16 64 11.0
16 69 16.0
16 71 21.0
17 5 21.0
17 19 12.0
17 31 6.0
17 57 23.0
17 59 20.0
17 70 15.0
18 7 21.0
18 11 17.0
18 34 8.0
18 40 14.0
18 47 10.0
18 77 18.0
19 5 9.0
19 17 12.0
19 20 24.0
19 31 13.0
19 45 23.0
19 56 15.0
19 57 23.0
19 59 13.0
19 70 6.0
20 5 22.0
20 19 24.0
20 26 7.0
20 37 8.0
20 45 6.0
20 53 24.0
20 56 19.0
20 57 21.0
21 3 8.0
21 10 13.0
21 13 17.0
21 15 14.0
21 30 9.0
21 54 16.0
21 60 17.0
21 67 18.0
21 71 19.0
21 72 15.0
21 79 14.0
22 9 24.0
22 13 15.0
22 16 14.0
22 25 16.0
22 27 17.0
22 44 16.0
22 49 16.0
22 52 13.0
22 55 18.0
22 60 17.0
22 62 22.0
22 64 24.0
22 68 24.0
22 71 9.0
23 1 16.0
23 2 15.0
23 16 15.0
23 25 13.0
23 41 18.0
23 55 12.0
23 62 8.0
23 64 7.0
23 69 1.0
24 0 13.0
24 6 13.0
24 12 5.0
24 28 12.0
24 32 23.0
24 33 14.0
24 35 6.0
24 42 14.0
24 43 5.0
24 46 23.0
24 48 8.0
24 51 23.0
24 58 22.0
24 61 21.0
24 66 7.0
24 74 19.0
24 75 24.0
24 80 23.0
25 1 18.0
25 2 13.0
25 9 23.0
25 16 2.0
25 22 16.0
25 23 13.0
25 27 21.0
25 29 21.0
25 41 18.0
25 52 16.0
25 55 3.0
25 62 6.0
25 64 9.0
25 68 24.0
25 69 14.0
25 71 23.0
26 5 23.0
26 14 23.0
26 20 7.0
26 37 2.0
26 45 5.0
26 53 19.0
26 56 19.0
26 75 24.0
27 9 8.0
27 16 19.0
27 22 17.0
27 25 21.0
27 44 17.0
27 49 7.0
27 52 5.0
27 55 24.0
28 0 9.0
28 12 7.0
28 24 12.0
28 33 20.0
28 35 11.0
28 42 14.0
28 43 11.0
28 48 6.0
28 63 17.0
28 66 6.0
28 73 21.0
28 74 9.0
28 75 21.0
28 80 15.0
29 1 11.0
29 2 10.0
29 4 10.0
29 16 22.0
29 25 21.0
29 38 19.0
29 41 8.0
29 50 16.0
29 55 18.0
29 59 17.0
29 60 24.0
29 62 20.0
29 64 18.0
29 68 9.0
29 69 24.0
29 70 24.0
29 78 8.0
30 3 17.0
30 10 21.0
30 13 12.0
30 15 23.0
30 21 9.0
30 44 20.0
30 54 10.0
30 60 22.0
30 67 23.0
30 71 20.0
30 72 19.0
30 79 16.0
31 5 21.0
31 17 6.0
31 19 13.0
31 57 16.0
31 59 24.0
31 70 18.0
32 24 23.0
32 35 19.0
32 36 20.0
32 39 18.0
32 61 9.0
32 65 13.0
32 66 23.0
33 0 13.0
33 6 16.0
33 12 15.0
33 14 20.0
33 24 14.0
33 28 20.0
33 35 20.0
33 42 8.0
33 43 10.0
33 46 14.0
33 48 13.0
33 53 21.0
33 58 21.0
33 66 18.0
33 73 20.0
33 75 15.0
34 8 21.0
34 11 20.0
34 18 8.0
34 40 20.0
34 47 4.0
34 76 17.0
34 77 11.0
35 0 16.0
35 6 18.0
35 12 6.0
35 24 6.0
35 28 11.0
35 32 19.0
35 33 20.0
35 42 19.0
35 43 10.0
35 48 11.0
35 61 18.0
35 63 22.0
35 66 5.0
35 74 16.0
35 80 18.0
36 6 21.0
36 8 21.0
36 32 20.0
36 39 2.0
36 51 17.0
36 58 22.0
36 61 12.0
36 65 9.0
36 76 16.0
36 77 22.0
37 20 8.0
37 26 2.0
37 45 7.0
37 53 21.0
37 56 21.0
37 75 23.0
38 4 9.0
38 14 23.0
38 15 24.0
38 29 19.0
38 46 24.0
38 50 6.0
38 58 24.0
38 60 20.0
38 68 12.0
38 78 11.0
39 6 20.0
39 8 23.0
39 32 18.0
39 36 2.0
39 51 18.0
39 58 23.0
39 61 10.0
39 65 8.0
39 76 17.0
39 77 23.0
40 7 6.0
40 11 8.0
40 18 14.0
40 34 20.0
40 47 20.0
40 67 18.0
40 72 18.0
40 79 19.0
41 1 3.0
41 2 5.0
41 4 18.0
41 16 20.0
41 23 18.0
41 25 18.0
41 29 8.0
41 50 24.0
41 55 15.0
41 59 17.0
41 62 15.0
41 64 13.0
41 68 17.0
41 69 17.0
41 70 24.0
41 78 16.0
42 0 6.0
42 6 22.0
42 12 13.0
42 24 14.0
42 28 14.0
42 33 8.0
42 35 19.0
42 43 9.0
42 46 21.0
42 48 9.0
42 66 15.0
42 73 14.0
42 74 23.0
42 75 10.0
43 0 9.0
43 6 15.0
43 12 5.0
43 24 5.0
43 28 11.0
43 33 10.0
43 35 10.0
43 42 9.0
43 46 21.0
43 48 5.0
43 58 23.0
43 66 9.0
43 73 22.0
43 74 20.0
43 75 19.0
44 13 10.0
44 22 16.0
44 27 17.0
44 30 20.0
44 49 10.0
44 52 17.0
44 71 18.0
45 5 18.0
45 14 21.0
45 19 23.0
45 20 6.0
45 26 5.0
45 37 7.0
45 53 17.0
45 56 14.0
46 6 15.0
46 14 10.0
46 24 23.0
46 33 14.0
46 38 24.0
46 42 21.0
46 43 21.0
46 50 24.0
46 51 18.0
46 53 14.0
46 58 13.0
47 8 17.0
47 11 18.0
47 18 10.0
47 34 4.0
47 40 20.0
47 67 23.0
47 76 15.0
47 77 8.0
48 0 6.0
48 6 20.0
48 12 4.0
48 24 8.0
48 28 6.0
48 33 13.0
48 35 11.0
48 42 9.0
48 43 5.0
48 63 24.0
48 66 6.0
48 73 20.0
48 74 15.0
48 75 17.0
48 80 21.0
49 9 15.0
49 13 18.0
49 16 23.0
49 22 16.0
49 27 7.0
49 44 10.0
49 52 9.0
49 71 22.0
50 4 7.0
50 14 20.0
50 29 16.0
50 38 6.0
50 41 24.0
50 46 24.0
50 53 22.0
50 56 24.0
50 59 22.0
50 60 24.0
50 68 12.0
50 78 8.0
51 6 10.0
51 24 23.0
51 36 17.0
51 39 18.0
51 46 18.0
51 58 5.0
51 61 23.0
52 9 11.0
52 13 23.0
52 16 14.0
52 22 13.0
52 25 16.0
52 27 5.0
52 44 17.0
52 49 9.0
52 55 19.0
52 62 22.0
52 71 21.0
53 5 19.0
53 14 4.0
53 20 24.0
53 26 19.0
53 33 21.0
53 37 21.0
53 45 17.0
53 46 14.0
53 50 22.0
53 56 13.0
54 3 23.0
54 7 20.0
54 10 23.0
54 11 23.0
54 13 21.0
54 21 16.0
54 30 10.0
54 67 22.0
54 72 17.0
54 79 13.0
55 1 15.0
55 2 10.0
55 16 5.0
55 22 18.0
55 23 12.0
55 25 3.0
55 27 24.0
55 29 18.0
55 41 15.0
55 52 19.0
55 62 4.0
55 64 6.0
55 68 22.0
55 69 13.0
55 71 23.0
56 5 6.0
56 14 16.0
56 19 15.0
56 20 19.0
56 26 19.0
56 37 21.0
56 45 14.0
56 50 24.0
56 53 13.0
56 59 18.0
56 70 15.0
57 17 23.0
57 19 23.0
57 20 21.0
57 31 16.0
58 6 9.0
58 14 22.0
58 24 22.0
58 33 21.0
58 36 22.0
58 38 24.0
58 39 23.0
58 43 23.0
58 46 13.0
58 51 5.0
59 1 17.0
59 2 22.0
59 4 22.0
59 5 13.0
59 17 20.0
59 19 13.0
59 29 17.0
59 31 24.0
59 41 17.0
59 50 22.0
59 56 18.0
59 70 7.0
59 78 21.0
60 3 16.0
60 4 20.0
60 10 24.0
60 13 19.0
60 15 18.0
60 21 17.0
60 22 17.0
60 29 24.0
60 30 22.0
60 38 20.0
60 50 24.0
60 68 16.0
60 71 9.0
60 78 21.0
61 6 20.0
61 12 24.0
61 24 21.0
61 32 9.0
61 35 18.0
61 36 12.0
61 39 10.0
61 51 23.0
61 65 9.0
61 66 23.0
61 76 24.0
62 1 14.0
62 2 10.0
62 16 8.0
62 22 22.0
62 23 8.0
62 25 6.0
62 29 20.0
62 41 15.0
62 52 22.0
62 55 4.0
62 64 3.0
62 69 9.0
63 12 23.0
63 28 17.0
63 35 22.0
63 48 24.0
63 66 20.0
63 74 9.0
63 80 4.0
64 1 11.0
64 2 8.0
64 16 11.0
64 22 24.0
64 23 7.0
64 25 9.0
64 29 18.0
64 41 13.0
64 55 6.0
64 62 3.0
64 69 7.0
65 32 13.0
65 36 9.0
65 39 8.0
65 61 9.0
65 76 15.0
65 77 23.0
66 0 12.0
66 6 21.0
66 12 3.0
66 24 7.0
66 28 6.0
66 32 23.0
66 33 18.0
66 35 5.0
66 42 15.0
66 43 9.0
66 48 6.0
66 61 23.0
66 63 20.0
66 74 12.0
66 75 24.0
66 80 17.0
67 3 17.0
67 7 19.0
67 8 13.0
67 10 9.0
67 11 11.0
67 15 17.0
67 21 18.0
67 30 23.0
67 40 18.0
67 47 23.0
67 54 22.0
67 72 5.0
67 77 22.0
67 79 9.0
68 1 20.0
68 2 17.0
68 4 5.0
68 22 24.0
68 25 24.0
68 29 9.0
68 38 12.0
68 41 17.0
68 50 12.0
68 55 22.0
68 60 16.0
68 71 21.0
68 78 5.0
69 1 15.0
69 2 14.0
69 16 16.0
69 23 1.0
69 25 14.0
69 29 24.0
69 41 17.0
69 55 13.0
69 62 9.0
69 64 7.0
70 1 24.0
70 5 9.0
70 17 15.0
70 19 6.0
70 29 24.0
70 31 18.0
70 41 24.0
70 56 15.0
70 59 7.0
71 3 22.0
71 13 12.0
71 16 21.0
71 21 19.0
71 22 9.0
71 25 23.0
71 30 20.0
71 44 18.0
71 49 22.0
71 52 21.0
71 55 23.0
71 60 9.0
71 68 21.0
72 3 16.0
72 7 17.0
72 8 18.0
72 10 10.0
72 11 11.0
72 15 18.0
72 21 15.0
72 30 19.0
72 40 18.0
72 54 17.0
72 67 5.0
72 79 4.0
73 0 14.0
73 12 24.0
73 28 21.0
73 33 20.0
73 42 14.0
73 43 22.0
73 48 20.0
73 75 5.0
74 0 17.0
74 12 15.0
74 24 19.0
74 28 9.0
74 35 16.0
74 42 23.0
74 43 20.0
74 48 15.0
74 63 9.0
74 66 12.0
74 80 7.0
75 0 12.0
75 12 22.0
75 24 24.0
75 26 24.0
75 28 21.0
75 33 15.0
75 37 23.0
75 42 10.0
75 43 19.0
75 48 17.0
75 66 24.0
75 73 5.0
76 8 17.0
76 34 17.0
76 36 16.0
76 39 17.0
76 47 15.0
76 61 24.0
76 65 15.0
76 77 8.0
77 8 13.0
77 11 22.0
77 18 18.0
77 34 11.0
77 36 22.0
77 39 23.0
77 47 8.0
77 65 23.0
77 67 22.0
77 76 8.0
78 1 19.0
78 2 18.0
78 4 2.0
78 29 8.0
78 38 11.0
78 41 16.0
78 50 8.0
78 59 21.0
78 60 21.0
78 68 5.0
79 3 16.0
79 7 16.0
79 8 22.0
79 10 12.0
79 11 13.0
79 15 19.0
79 21 14.0
79 30 16.0
79 40 19.0
79 54 13.0
79 67 9.0
79 72 4.0
80 0 24.0
80 12 20.0
80 24 23.0
80 28 15.0
80 35 18.0
80 48 21.0
80 63 4.0
80 66 17.0
80 74 7.0
