45
300
0 29.0 46.0
1 68.0 17.0
2 84.0 48.0
3 37.0 7.0
4 66.0 92.0
5 42.0 54.0
6 26.0 92.0
7 21.0 0.0
8 42.0 85.0
9 79.0 50.0
10 37.0 48.0
11 63.0 21.0
12 84.0 84.0
13 73.0 34.0
14 44.0 42.0
15 51.0 34.0
16 33.0 87.0
17 26.0 4.0
18 44.0 58.0
19 16.0 30.0
20 87.0 53.0
21 88.0 1.0
22 43.0 47.0
23 15.0 53.0
24 12.0 43.0
25 13.0 95.0
26 62.0 90.0
27 71.0 49.0
28 61.0 17.0
29 36.0 70.0
30 80.0 89.0
31 99.0 50.0
32 95.0 40.0
33 59.0 75.0
34 13.0 34.0
35 24.0 55.0
36 88.0 84.0
37 8.0 77.0
38 34.0 71.0
39 57.0 81.0
40 88.0 35.0
41 99.0 37.0
42 96.0 50.0
43 80.0 85.0
44 28.0 32.0
0 5 15.0
0 10 8.0
0 14 16.0
0 18 19.0
0 19 21.0
0 22 14.0
0 23 16.0
0 24 17.0
0 34 20.0
0 35 10.0
0 44 14.0
1 11 6.0
1 13 18.0
1 15 24.0
1 28 7.0
2 9 5.0
2 13 18.0
2 20 6.0
2 27 13.0
2 31 15.0
2 32 14.0
2 40 14.0
2 41 19.0
2 42 12.0
3 7 17.0
3 17 11.0
4 12 20.0
4 26 4.0
4 30 14.0
4 33 18.0
4 36 23.0
4 39 14.0
4 43 16.0
5 0 15.0
5 10 8.0
5 14 12.0
5 15 22.0
5 18 4.0
5 22 7.0
5 29 17.0
5 35 18.0
5 38 19.0
6 8 17.0
6 16 9.0
6 25 13.0
6 29 24.0
6 37 23.0
6 38 22.0
7 3 17.0
7 17 6.0
8 6 17.0
8 16 9.0
8 26 21.0
8 29 16.0
8 33 20.0
8 38 16.0
8 39 16.0
9 2 5.0
9 13 17.0
9 20 9.0
9 27 8.0
9 31 20.0
9 32 19.0
9 40 17.0
9 41 24.0
9 42 17.0
10 0 8.0
10 5 8.0
10 14 9.0
10 15 20.0
10 18 12.0
10 22 6.0
10 23 23.0
10 29 22.0
10 35 15.0
10 38 23.0
10 44 18.0
11 1 6.0
11 13 16.0
11 15 18.0
11 28 4.0
12 4 20.0
12 26 23.0
12 30 6.0
12 36 4.0
12 43 4.0
13 1 18.0
13 2 18.0
13 9 17.0
13 11 16.0
13 15 22.0
13 20 24.0
13 27 15.0
13 28 21.0
13 32 23.0
13 40 15.0
14 0 16.0
14 5 12.0
14 10 9.0
14 15 11.0
14 18 16.0
14 22 5.0
14 35 24.0
14 44 19.0
15 1 24.0
15 5 22.0
15 10 20.0
15 11 18.0
15 13 22.0
15 14 11.0
15 22 15.0
15 28 20.0
15 44 23.0
16 6 9.0
16 8 9.0
16 25 22.0
16 29 17.0
16 38 16.0
17 3 11.0
17 7 6.0
18 0 19.0
18 5 4.0
18 10 12.0
18 14 16.0
18 22 11.0
18 29 14.0
18 33 23.0
18 35 20.0
18 38 16.0
19 0 21.0
19 23 23.0
19 24 14.0
19 34 5.0
19 44 12.0
20 2 6.0
20 9 9.0
20 13 24.0
20 27 16.0
20 31 12.0
20 32 15.0
20 40 18.0
20 41 20.0
20 42 9.0
22 0 14.0
22 5 7.0
22 10 6.0
22 14 5.0
22 15 15.0
22 18 11.0
22 29 24.0
22 35 21.0
22 44 21.0
23 0 16.0
23 10 23.0
23 19 23.0
23 24 10.0
23 34 19.0
23 35 9.0
24 0 17.0
24 19 14.0
24 23 10.0
24 34 9.0
24 35 17.0
24 44 19.0
25 6 13.0
25 16 22.0
25 37 19.0
26 4 4.0
26 8 21.0
26 12 23.0
26 30 18.0
26 33 15.0
26 39 10.0
26 43 19.0
27 2 13.0
27 9 8.0
27 13 15.0
27 20 16.0
27 40 22.0
28 1 7.0
28 11 4.0
28 13 21.0
28 15 20.0
29 5 17.0
29 6 24.0
29 8 16.0
29 10 22.0
29 16 17.0
29 18 14.0
29 22 24.0
29 33 24.0
29 35 19.0
29 38 2.0
29 39 24.0
30 4 14.0
30 12 6.0
30 26 18.0
30 36 9.0
30 39 24.0
30 43 4.0
31 2 15.0
31 9 20.0
31 20 12.0
31 32 11.0
31 40 19.0
31 41 13.0
31 42 3.0
32 2 14.0
32 9 19.0
32 13 23.0
32 20 15.0
32 31 11.0
32 40 9.0
32 41 5.0
32 42 10.0
33 4 18.0
33 8 20.0
33 18 23.0
33 26 15.0
33 29 24.0
33 39 6.0
33 43 23.0
34 0 20.0
34 19 5.0
34 23 19.0
34 24 9.0
34 35 24.0
34 44 15.0
35 0 10.0
35 5 18.0
35 10 15.0
35 14 24.0
35 18 20.0
35 22 21.0
35 23 9.0
35 24 17.0
35 29 19.0
35 34 24.0
35 38 19.0
35 44 23.0
36 4 23.0
36 12 4.0
36 30 9.0
36 43 8.0
37 6 23.0
37 25 19.0
38 5 19.0
38 6 22.0
38 8 16.0
38 10 23.0
38 16 16.0
38 18 16.0
38 29 2.0
38 35 19.0
39 4 14.0
39 8 16.0
39 26 10.0
39 29 24.0
39 30 24.0
39 33 6.0
39 43 23.0
40 2 14.0
40 9 17.0
40 13 15.0
40 20 18.0
40 27 22.0
40 31 19.0
40 32 9.0
40 41 11.0
40 42 17.0
41 2 19.0
41 9 24.0
41 20 20.0
41 31 13.0
41 32 5.0
41 40 11.0
41 42 13.0
42 2 12.0
42 9 17.0
42 20 9.0
42 31 3.0
42 32 10.0
42 40 17.0
42 41 13.0
43 4 16.0
43 12 4.0
43 26 19.0
43 30 4.0
43 33 23.0
43 36 8.0
43 39 23.0
44 0 14.0
44 10 18.0
44 14 19.0
44 15 23.0
44 19 12.0
44 22 21.0
44 24 19.0
44 34 15.0
44 35 23.0
