36
188
0 57.0 74.0
1 91.0 60.0
2 55.0 27.0
3 66.0 50.0
4 6.0 39.0
5 42.0 11.0
6 45.0 67.0
7 9.0 92.0
8 63.0 54.0
9 58.0 1.0
10 29.0 65.0
11 13.0 32.0
12 12.0 82.0
13 72.0 3.0
14 13.0 24.0
15 48.0 6.0
16 93.0 20.0
17 94.0 55.0
18 59.0 97.0
19 51.0 77.0
20 1.0 46.0
21 38.0 29.0
22 39.0 34.0
23 39.0 86.0
24 55.0 100.0
25 92.0 36.0
26 21.0 46.0
27 18.0 17.0
28 61.0 46.0
29 57.0 13.0
30 60.0 66.0
31 71.0 9.0
32 59.0 51.0
33 18.0 88.0
34 63.0 40.0
35 51.0 53.0
0 6 14.0
0 8 21.0
0 18 23.0
0 19 7.0
0 23 22.0
0 30 9.0
0 32 23.0
0 35 22.0
1 17 6.0
1 25 24.0
2 5 21.0
2 15 22.0
2 21 17.0
2 22 17.0
2 28 20.0
2 29 14.0
2 31 24.0
2 32 24.0
2 34 15.0
3 8 5.0
3 28 6.0
3 30 17.0
3 32 7.0
3 34 10.0
3 35 15.0
4 11 10.0
4 14 17.0
4 20 9.0
4 26 17.0
5 2 21.0
5 9 19.0
5 15 8.0
5 21 18.0
5 22 23.0
5 29 15.0
6 0 14.0
6 8 22.0
6 10 16.0
6 19 12.0
6 23 20.0
6 30 15.0
6 32 21.0
6 35 15.0
7 12 10.0
7 33 10.0
8 0 21.0
8 3 5.0
8 6 22.0
8 28 8.0
8 30 12.0
8 32 5.0
8 34 14.0
8 35 12.0
9 5 19.0
9 13 14.0
9 15 11.0
9 29 12.0
9 31 15.0
10 6 16.0
10 12 24.0
10 23 23.0
10 26 21.0
11 4 10.0
11 14 8.0
11 20 18.0
11 26 16.0
11 27 16.0
12 7 10.0
12 10 24.0
12 33 8.0
13 9 14.0
13 15 24.0
13 29 18.0
13 31 6.0
14 4 17.0
14 11 8.0
14 26 23.0
14 27 9.0
15 2 22.0
15 5 8.0
15 9 11.0
15 13 24.0
15 29 11.0
15 31 23.0
16 25 16.0
17 1 6.0
17 25 19.0
18 0 23.0
18 19 22.0
18 23 23.0
18 24 5.0
19 0 7.0
19 6 12.0
19 18 22.0
19 23 15.0
19 24 23.0
19 30 14.0
19 35 24.0
20 4 9.0
20 11 18.0
20 26 20.0
21 2 17.0
21 5 18.0
21 22 5.0
21 26 24.0
21 27 23.0
22 2 17.0
22 5 23.0
22 21 5.0
22 26 22.0
22 35 22.0
23 0 22.0
23 6 20.0
23 10 23.0
23 18 23.0
23 19 15.0
23 24 21.0
23 33 21.0
24 18 5.0
24 19 23.0
24 23 21.0
25 1 24.0
25 16 16.0
25 17 19.0
26 4 17.0
26 10 21.0
26 11 16.0
26 14 23.0
26 20 20.0
26 21 24.0
26 22 22.0
27 11 16.0
27 14 9.0
27 21 23.0
28 2 20.0
28 3 6.0
28 8 8.0
28 30 20.0
28 32 5.0
28 34 6.0
28 35 12.0
29 2 14.0
29 5 15.0
29 9 12.0
29 13 18.0
29 15 11.0
29 31 15.0
30 0 9.0
30 3 17.0
30 6 15.0
30 8 12.0
30 19 14.0
30 28 20.0
30 32 15.0
30 35 16.0
31 2 24.0
31 9 15.0
31 13 6.0
31 15 23.0
31 29 15.0
32 0 23.0
32 2 24.0
32 3 7.0
32 6 21.0
32 8 5.0
32 28 5.0
32 30 15.0
32 34 12.0
32 35 8.0
33 7 10.0
33 12 8.0
33 23 21.0
34 2 15.0
34 3 10.0
34 8 14.0
34 28 6.0
34 32 12.0
34 35 18.0
35 0 22.0
35 3 15.0
35 6 15.0
35 8 12.0
35 19 24.0
35 22 22.0
35 28 12.0
35 30 16.0
35 32 8.0
35 34 18.0
