32
190
0 18.0 38.0
1 43.0 46.0
2 98.0 57.0
3 70.0 62.0
4 58.0 84.0
5 82.0 88.0
6 98.0 71.0
7 19.0 86.0
8 30.0 19.0
9 89.0 6.0
10 45.0 88.0
11 27.0 31.0
12 98.0 1.0
13 72.0 79.0
14 21.0 66.0
15 80.0 80.0
16 56.0 19.0
17 71.0 93.0
18 27.0 35.0
19 62.0 46.0
20 69.0 68.0
21 28.0 56.0
22 49.0 28.0
23 64.0 2.0
24 55.0 50.0
25 60.0 78.0
26 46.0 30.0
27 57.0 67.0
28 2.0 25.0
29 60.0 70.0
30 70.0 4.0
31 90.0 74.0
0 8 22.0
0 11 11.0
0 18 9.0
0 21 21.0
0 28 21.0
1 11 22.0
1 18 19.0
1 19 19.0
1 21 18.0
1 22 19.0
1 24 13.0
1 26 16.0
2 6 14.0
2 31 19.0
3 13 17.0
3 15 21.0
3 19 18.0
3 20 6.0
3 24 19.0
3 25 19.0
3 27 14.0
3 29 13.0
3 31 23.0
4 5 24.0
4 10 14.0
4 13 15.0
4 15 22.0
4 17 16.0
4 20 19.0
4 25 6.0
4 27 17.0
4 29 14.0
5 4 24.0
5 6 23.0
5 13 13.0
5 15 8.0
5 17 12.0
5 20 24.0
5 25 24.0
5 31 16.0
6 2 14.0
6 5 23.0
6 15 20.0
6 31 9.0
7 14 20.0
8 0 22.0
8 11 12.0
8 18 16.0
8 22 21.0
8 26 19.0
9 12 10.0
9 30 19.0
10 4 14.0
10 25 18.0
10 27 24.0
10 29 23.0
11 0 11.0
11 1 22.0
11 8 12.0
11 18 4.0
11 22 22.0
11 26 19.0
12 9 10.0
13 3 17.0
13 4 15.0
13 5 13.0
13 15 8.0
13 17 14.0
13 20 11.0
13 25 12.0
13 27 19.0
13 29 15.0
13 31 19.0
14 7 20.0
14 21 12.0
15 3 21.0
15 4 22.0
15 5 8.0
15 6 20.0
15 13 8.0
15 17 16.0
15 20 16.0
15 25 20.0
15 29 22.0
15 31 12.0
16 22 11.0
16 23 19.0
16 26 15.0
16 30 21.0
17 4 16.0
17 5 12.0
17 13 14.0
17 15 16.0
17 25 19.0
18 0 9.0
18 1 19.0
18 8 16.0
18 11 4.0
18 21 21.0
18 22 23.0
18 26 20.0
19 1 19.0
19 3 18.0
19 20 23.0
19 22 22.0
19 24 8.0
19 26 23.0
19 27 22.0
19 29 24.0
20 3 6.0
20 4 19.0
20 5 24.0
20 13 11.0
20 15 16.0
20 19 23.0
20 24 23.0
20 25 13.0
20 27 12.0
20 29 9.0
20 31 22.0
21 0 21.0
21 1 18.0
21 14 12.0
21 18 21.0
22 1 19.0
22 8 21.0
22 11 22.0
22 16 11.0
22 18 23.0
22 19 22.0
22 24 23.0
22 26 4.0
23 16 19.0
23 30 6.0
24 1 13.0
24 3 19.0
24 19 8.0
24 20 23.0
24 22 23.0
24 26 22.0
24 27 17.0
24 29 21.0
25 3 19.0
25 4 6.0
25 5 24.0
25 10 18.0
25 13 12.0
25 15 20.0
25 17 19.0
25 20 13.0
25 27 11.0
25 29 8.0
26 1 16.0
26 8 19.0
26 11 19.0
26 16 15.0
26 18 20.0
26 19 23.0
26 22 4.0
26 24 22.0
27 3 14.0
27 4 17.0
27 10 24.0
27 13 19.0
27 19 22.0
27 20 12.0
27 24 17.0
27 25 11.0
27 29 4.0
28 0 21.0
29 3 13.0
29 4 14.0
29 10 23.0
29 13 15.0
29 15 22.0
29 19 24.0
29 20 9.0
29 24 21.0
29 25 8.0
29 27 4.0
30 9 19.0
30 16 21.0
30 23 6.0
31 2 19.0
31 3 23.0
31 5 16.0
31 6 9.0
31 13 19.0
31 15 12.0
31 20 22.0
