90
1312
0 87.0 19.0
1 34.0 38.0
2 60.0 6.0
3 77.0 45.0
4 19.0 52.0
5 88.0 37.0
6 63.0 21.0
7 71.0 9.0
8 31.0 98.0
9 70.0 98.0
10 22.0 27.0
11 82.0 40.0
12 38.0 9.0
13 65.0 46.0
14 60.0 51.0
15 91.0 72.0
16 54.0 81.0
17 47.0 4.0
18 28.0 11.0
19 81.0 43.0
20 13.0 57.0
21 81.0 89.0
22 80.0 64.0
23 81.0 89.0
24 16.0 33.0
25 53.0 68.0
26 99.0 88.0
27 33.0 69.0
28 17.0 36.0
29 69.0 95.0
30 68.0 42.0
31 43.0 97.0
32 65.0 60.0
33 68.0 57.0
34 48.0 77.0
35 74.0 68.0
36 54.0 9.0
37 49.0 88.0
38 90.0 70.0
39 80.0 1.0
40 50.0 94.0
41 85.0 32.0
42 6.0 15.0
43 89.0 54.0
44 97.0 44.0
45 95.0 69.0
46 68.0 96.0
47 92.0 66.0
48 33.0 55.0
49 81.0 30.0
50 19.0 12.0
51 89.0 37.0
52 48.0 93.0
53 63.0 65.0
54 3.0 46.0
55 98.0 52.0
56 72.0 3.0
57 64.0 41.0
58 61.0 84.0
59 37.0 10.0
60 89.0 5.0
61 28.0 91.0
62 44.0 34.0
63 28.0 17.0
64 98.0 70.0
65 70.0 26.0
66 28.0 3.0
67 81.0 42.0
68 66.0 21.0
69 97.0 89.0
70 58.0 19.0
71 56.0 62.0
72 62.0 88.0
73 45.0 24.0
74 39.0 24.0
75 31.0 29.0
76 50.0 13.0
77 26.0 70.0
78 43.0 63.0
79 93.0 47.0
80 84.0 94.0
81 69.0 11.0
82 22.0 41.0
83 47.0 40.0
84 38.0 4.0
85 8.0 43.0
86 33.0 41.0
87 19.0 39.0
88 60.0 32.0
89 62.0 43.0
0 5 18.0
0 6 24.0
0 7 19.0
0 11 22.0
0 39 19.0
0 41 13.0
0 49 13.0
0 51 18.0
0 56 22.0
0 60 14.0
0 65 18.0
0 67 24.0
0 68 21.0
0 81 20.0
1 4 21.0
1 10 16.0
1 24 19.0
1 28 17.0
1 48 17.0
1 62 11.0
1 63 22.0
1 73 18.0
1 74 15.0
1 75 9.0
1 82 12.0
1 83 13.0
1 86 3.0
1 87 15.0
2 6 15.0
2 7 11.0
2 12 22.0
2 17 13.0
2 36 7.0
2 39 21.0
2 56 12.0
2 59 23.0
2 65 22.0
2 68 16.0
2 70 13.0
2 73 23.0
2 76 12.0
2 81 10.0
2 84 22.0
3 5 14.0
3 11 7.0
3 13 12.0
3 14 18.0
3 19 4.0
3 22 19.0
3 30 9.0
3 32 19.0
3 33 15.0
3 35 23.0
3 41 15.0
3 43 15.0
3 44 20.0
3 49 16.0
3 51 14.0
3 53 24.0
3 55 22.0
3 57 14.0
3 65 20.0
3 67 5.0
3 79 16.0
3 88 21.0
3 89 15.0
4 1 21.0
4 20 8.0
4 24 19.0
4 27 22.0
4 28 16.0
4 48 14.0
4 54 17.0
4 77 19.0
4 82 11.0
4 85 14.0
4 86 18.0
4 87 13.0
5 0 18.0
5 3 14.0
5 11 7.0
5 19 9.0
5 30 21.0
5 41 6.0
5 43 17.0
5 44 11.0
5 49 10.0
5 51 1.0
5 55 18.0
5 57 24.0
5 65 21.0
5 67 9.0
5 79 11.0
6 0 24.0
6 2 15.0
6 7 14.0
6 17 23.0
6 30 22.0
6 36 15.0
6 49 20.0
6 56 20.0
6 57 20.0
6 62 23.0
6 65 9.0
6 68 3.0
6 70 5.0
6 73 18.0
6 74 24.0
6 76 15.0
6 81 12.0
6 88 11.0
6 89 22.0
7 0 19.0
7 2 11.0
7 6 14.0
7 36 17.0
7 39 12.0
7 49 23.0
7 56 6.0
7 60 18.0
7 65 17.0
7 68 13.0
7 70 16.0
7 76 21.0
7 81 3.0
8 31 12.0
8 37 21.0
8 40 19.0
8 52 18.0
8 61 8.0
9 16 23.0
9 21 14.0
9 23 14.0
9 29 3.0
9 37 23.0
9 40 20.0
9 46 3.0
9 52 23.0
9 58 17.0
9 72 13.0
9 80 15.0
10 1 16.0
10 12 24.0
10 18 17.0
10 24 8.0
10 28 10.0
10 42 20.0
10 50 15.0
10 59 23.0
10 62 23.0
10 63 12.0
10 73 23.0
10 74 17.0
10 75 9.0
10 82 14.0
10 85 21.0
10 86 18.0
10 87 12.0
11 0 22.0
11 3 7.0
11 5 7.0
11 13 18.0
11 19 3.0
11 22 24.0
11 30 14.0
11 33 22.0
11 41 9.0
11 43 16.0
11 44 16.0
11 49 10.0
11 51 8.0
11 55 20.0
11 57 18.0
11 65 18.0
11 67 2.0
11 79 13.0
11 88 23.0
11 89 20.0
12 2 22.0
12 10 24.0
12 17 10.0
12 18 10.0
12 36 16.0
12 50 19.0
12 59 1.0
12 63 13.0
12 66 12.0
12 70 22.0
12 73 17.0
12 74 15.0
12 75 21.0
12 76 13.0
12 84 5.0
13 3 12.0
13 11 18.0
13 14 7.0
13 19 16.0
13 22 23.0
13 30 5.0
13 32 14.0
13 33 11.0
13 35 24.0
13 41 24.0
13 49 23.0
13 53 19.0
13 57 5.0
13 62 24.0
13 65 21.0
13 67 16.0
13 71 18.0
13 83 19.0
13 88 15.0
13 89 4.0
14 3 18.0
14 13 7.0
14 19 22.0
14 22 24.0
14 25 18.0
14 30 12.0
14 32 10.0
14 33 10.0
14 35 22.0
14 53 14.0
14 57 11.0
14 62 23.0
14 67 23.0
14 71 12.0
14 78 21.0
14 83 17.0
14 88 19.0
14 89 8.0
15 21 20.0
15 22 14.0
15 23 20.0
15 26 18.0
15 35 17.0
15 38 2.0
15 43 18.0
15 45 5.0
15 47 6.0
15 55 21.0
15 64 7.0
15 69 18.0
15 80 23.0
16 9 23.0
16 25 13.0
16 27 24.0
16 29 21.0
16 31 19.0
16 32 24.0
16 34 7.0
16 35 24.0
16 37 9.0
16 40 14.0
16 46 21.0
16 52 13.0
16 53 18.0
16 58 8.0
16 71 19.0
16 72 11.0
16 78 21.0
17 2 13.0
17 6 23.0
17 12 10.0
17 18 20.0
17 36 9.0
17 59 12.0
17 63 23.0
17 66 19.0
17 70 19.0
17 73 20.0
17 74 22.0
17 76 9.0
17 81 23.0
17 84 9.0
18 10 17.0
18 12 10.0
18 17 20.0
18 42 22.0
18 50 9.0
18 59 9.0
18 63 6.0
18 66 8.0
18 73 21.0
18 74 17.0
18 75 18.0
18 76 22.0
18 84 12.0
19 3 4.0
19 5 9.0
19 11 3.0
19 13 16.0
19 14 22.0
19 22 21.0
19 30 13.0
19 32 23.0
19 33 19.0
19 41 12.0
19 43 14.0
19 44 16.0
19 49 13.0
19 51 10.0
19 55 19.0
19 57 17.0
19 65 20.0
19 67 1.0
19 79 13.0
19 88 24.0
19 89 19.0
20 4 8.0
20 24 24.0
20 27 23.0
20 28 21.0
20 48 20.0
20 54 15.0
20 77 18.0
20 82 18.0
20 85 15.0
20 87 19.0
21 9 14.0
21 15 20.0
21 23 0.0
21 26 18.0
21 29 13.0
21 35 22.0
21 38 21.0
21 45 24.0
21 46 15.0
21 58 21.0
21 69 16.0
21 72 19.0
21 80 6.0
22 3 19.0
22 11 24.0
22 13 23.0
22 14 24.0
22 15 14.0
22 19 21.0
22 32 16.0
22 33 14.0
22 35 7.0
22 38 12.0
22 43 13.0
22 45 16.0
22 47 12.0
22 53 17.0
22 55 22.0
22 64 19.0
22 67 22.0
22 71 24.0
22 79 21.0
23 9 14.0
23 15 20.0
23 21 0.0
23 26 18.0
23 29 13.0
23 35 22.0
23 38 21.0
23 45 24.0
23 46 15.0
23 58 21.0
23 69 16.0
23 72 19.0
23 80 6.0
24 1 19.0
24 4 19.0
24 10 8.0
24 20 24.0
24 28 3.0
24 42 21.0
24 50 21.0
24 54 18.0
24 63 20.0
24 75 16.0
24 82 10.0
24 85 13.0
24 86 19.0
24 87 7.0
25 14 18.0
25 16 13.0
25 27 20.0
25 32 14.0
25 33 19.0
25 34 10.0
25 35 21.0
25 37 20.0
25 48 24.0
25 53 10.0
25 58 18.0
25 71 7.0
25 72 22.0
25 78 11.0
26 15 18.0
26 21 18.0
26 23 18.0
26 38 20.0
26 45 19.0
26 47 23.0
26 64 18.0
26 69 2.0
26 80 16.0
27 4 22.0
27 16 24.0
27 20 23.0
27 25 20.0
27 34 17.0
27 48 14.0
27 61 23.0
27 71 24.0
27 77 7.0
27 78 12.0
28 1 17.0
28 4 16.0
28 10 10.0
28 20 21.0
28 24 3.0
28 42 24.0
28 50 24.0
28 54 17.0
28 63 22.0
28 75 16.0
28 82 7.0
28 85 11.0
28 86 17.0
28 87 4.0
29 9 3.0
29 16 21.0
29 21 13.0
29 23 13.0
29 37 21.0
29 40 19.0
29 46 1.0
29 52 21.0
29 58 14.0
29 72 10.0
29 80 15.0
30 3 9.0
30 5 21.0
30 6 22.0
30 11 14.0
30 13 5.0
30 14 12.0
30 19 13.0
30 32 18.0
30 33 15.0
30 41 20.0
30 43 24.0
30 49 18.0
30 51 22.0
30 53 24.0
30 57 4.0
30 65 16.0
30 67 13.0
30 68 21.0
30 71 23.0
30 83 21.0
30 88 13.0
30 89 6.0
31 8 12.0
31 16 19.0
31 34 21.0
31 37 11.0
31 40 8.0
31 52 6.0
31 58 22.0
31 61 16.0
31 72 21.0
32 3 19.0
32 13 14.0
32 14 10.0
32 16 24.0
32 19 23.0
32 22 16.0
32 25 14.0
32 30 18.0
32 33 4.0
32 34 24.0
32 35 12.0
32 53 5.0
32 57 19.0
32 58 24.0
32 67 24.0
32 71 9.0
32 78 22.0
32 89 17.0
33 3 15.0
33 11 22.0
33 13 11.0
33 14 10.0
33 19 19.0
33 22 14.0
33 25 19.0
33 30 15.0
33 32 4.0
33 35 13.0
33 43 21.0
33 53 9.0
33 57 16.0
33 67 20.0
33 71 13.0
33 89 15.0
34 16 7.0
34 25 10.0
34 27 17.0
34 31 21.0
34 32 24.0
34 37 11.0
34 40 17.0
34 52 16.0
34 53 19.0
34 58 15.0
34 61 24.0
34 71 17.0
34 72 18.0
34 77 23.0
34 78 15.0
35 3 23.0
35 13 24.0
35 14 22.0
35 15 17.0
35 16 24.0
35 21 22.0
35 22 7.0
35 23 22.0
35 25 21.0
35 32 12.0
35 33 13.0
35 38 16.0
35 43 21.0
35 45 21.0
35 47 18.0
35 53 11.0
35 58 21.0
35 64 24.0
35 71 19.0
35 72 23.0
36 2 7.0
36 6 15.0
36 7 17.0
36 12 16.0
36 17 9.0
36 56 19.0
36 59 17.0
36 65 23.0
36 68 17.0
36 70 11.0
36 73 17.0
36 74 21.0
36 76 6.0
36 81 15.0
36 84 17.0
36 88 24.0
37 8 21.0
37 9 23.0
37 16 9.0
37 25 20.0
37 29 21.0
37 31 11.0
37 34 11.0
37 40 6.0
37 46 21.0
37 52 5.0
37 58 13.0
37 61 21.0
37 72 13.0
38 15 2.0
38 21 21.0
38 22 12.0
38 23 21.0
38 26 20.0
38 35 16.0
38 43 16.0
38 45 5.0
38 47 4.0
38 55 20.0
38 64 8.0
38 69 20.0
38 79 23.0
39 0 19.0
39 2 21.0
39 7 12.0
39 56 8.0
39 60 10.0
39 68 24.0
39 81 15.0
40 8 19.0
40 9 20.0
40 16 14.0
40 29 19.0
40 31 8.0
40 34 17.0
40 37 6.0
40 46 18.0
40 52 2.0
40 58 15.0
40 61 22.0
40 72 13.0
41 0 13.0
41 3 15.0
41 5 6.0
41 11 9.0
41 13 24.0
41 19 12.0
41 30 20.0
41 43 22.0
41 44 17.0
41 49 4.0
41 51 6.0
41 55 24.0
41 57 23.0
41 65 16.0
41 67 11.0
41 68 22.0
41 79 17.0
42 10 20.0
42 18 22.0
42 24 21.0
42 28 24.0
42 50 13.0
42 63 22.0
43 3 15.0
43 5 17.0
43 11 16.0
43 15 18.0
43 19 14.0
43 22 13.0
43 30 24.0
43 33 21.0
43 35 21.0
43 38 16.0
43 41 22.0
43 44 13.0
43 45 16.0
43 47 12.0
43 51 17.0
43 55 9.0
43 64 18.0
43 67 14.0
43 79 8.0
44 3 20.0
44 5 11.0
44 11 16.0
44 19 16.0
44 41 17.0
44 43 13.0
44 47 23.0
44 49 21.0
44 51 11.0
44 55 8.0
44 67 16.0
44 79 5.0
45 15 5.0
45 21 24.0
45 22 16.0
45 23 24.0
45 26 19.0
45 35 21.0
45 38 5.0
45 43 16.0
45 47 4.0
45 55 17.0
45 64 3.0
45 69 20.0
45 79 22.0
46 9 3.0
46 16 21.0
46 21 15.0
46 23 15.0
46 29 1.0
46 37 21.0
46 40 18.0
46 52 20.0
46 58 14.0
46 72 10.0
46 80 16.0
47 15 6.0
47 22 12.0
47 26 23.0
47 35 18.0
47 38 4.0
47 43 12.0
47 44 23.0
47 45 4.0
47 55 15.0
47 64 7.0
47 69 24.0
47 79 19.0
48 1 17.0
48 4 14.0
48 20 20.0
48 25 24.0
48 27 14.0
48 62 24.0
48 71 24.0
48 77 17.0
48 78 13.0
48 82 18.0
48 83 21.0
48 86 14.0
48 87 21.0
49 0 13.0
49 3 16.0
49 5 10.0
49 6 20.0
49 7 23.0
49 11 10.0
49 13 23.0
49 19 13.0
49 30 18.0
49 41 4.0
49 44 21.0
49 51 11.0
49 57 20.0
49 65 12.0
49 67 12.0
49 68 17.0
49 79 21.0
49 81 22.0
49 88 21.0
49 89 23.0
50 10 15.0
50 12 19.0
50 18 9.0
50 24 21.0
50 28 24.0
50 42 13.0
50 59 18.0
50 63 10.0
50 66 13.0
50 74 23.0
50 75 21.0
50 84 21.0
51 0 18.0
51 3 14.0
51 5 1.0
51 11 8.0
51 19 10.0
51 30 22.0
51 41 6.0
51 43 17.0
51 44 11.0
51 49 11.0
51 55 17.0
51 65 22.0
51 67 9.0
51 79 11.0
52 8 18.0
52 9 23.0
52 16 13.0
52 29 21.0
52 31 6.0
52 34 16.0
52 37 5.0
52 40 2.0
52 46 20.0
52 58 16.0
52 61 20.0
52 72 15.0
53 3 24.0
53 13 19.0
53 14 14.0
53 16 18.0
53 22 17.0
53 25 10.0
53 30 24.0
53 32 5.0
53 33 9.0
53 34 19.0
53 35 11.0
53 57 24.0
53 58 19.0
53 71 8.0
53 72 23.0
53 78 20.0
53 89 22.0
54 4 17.0
54 20 15.0
54 24 18.0
54 28 17.0
54 82 20.0
54 85 6.0
54 87 17.0
55 3 22.0
55 5 18.0
55 11 20.0
55 15 21.0
55 19 19.0
55 22 22.0
55 38 20.0
55 41 24.0
55 43 9.0
55 44 8.0
55 45 17.0
55 47 15.0
55 51 17.0
55 64 18.0
55 67 20.0
55 79 7.0
56 0 22.0
56 2 12.0
56 6 20.0
56 7 6.0
56 36 19.0
56 39 8.0
56 60 17.0
56 65 23.0
56 68 19.0
56 70 21.0
56 76 24.0
56 81 9.0
57 3 14.0
57 5 24.0
57 6 20.0
57 11 18.0
57 13 5.0
57 14 11.0
57 19 17.0
57 30 4.0
57 32 19.0
57 33 16.0
57 41 23.0
57 49 20.0
57 53 24.0
57 62 21.0
57 65 16.0
57 67 17.0
57 68 20.0
57 70 23.0
57 71 22.0
57 83 17.0
57 88 10.0
57 89 3.0
58 9 17.0
58 16 8.0
58 21 21.0
58 23 21.0
58 25 18.0
58 29 14.0
58 31 22.0
58 32 24.0
58 34 15.0
58 35 21.0
58 37 13.0
58 40 15.0
58 46 14.0
58 52 16.0
58 53 19.0
58 71 23.0
58 72 4.0
59 2 23.0
59 10 23.0
59 12 1.0
59 17 12.0
59 18 9.0
59 36 17.0
59 50 18.0
59 63 11.0
59 66 11.0
59 70 23.0
59 73 16.0
59 74 14.0
59 75 20.0
59 76 13.0
59 84 6.0
60 0 14.0
60 7 18.0
60 39 10.0
60 56 17.0
60 81 21.0
61 8 8.0
61 27 23.0
61 31 16.0
61 34 24.0
61 37 21.0
61 40 22.0
61 52 20.0
61 77 21.0
62 1 11.0
62 6 23.0
62 10 23.0
62 13 24.0
62 14 23.0
62 48 24.0
62 57 21.0
62 63 23.0
62 70 21.0
62 73 10.0
62 74 11.0
62 75 14.0
62 76 22.0
62 82 23.0
62 83 7.0
62 86 13.0
62 88 16.0
62 89 20.0
63 1 22.0
63 10 12.0
63 12 13.0
63 17 23.0
63 18 6.0
63 24 20.0
63 28 22.0
63 42 22.0
63 50 10.0
63 59 11.0
63 62 23.0
63 66 14.0
63 73 18.0
63 74 13.0
63 75 12.0
63 76 22.0
63 84 16.0
63 87 24.0
64 15 7.0
64 22 19.0
64 26 18.0
64 35 24.0
64 38 8.0
64 43 18.0
64 45 3.0
64 47 7.0
64 55 18.0
64 69 19.0
64 79 24.0
65 0 18.0
65 2 22.0
65 3 20.0
65 5 21.0
65 6 9.0
65 7 17.0
65 11 18.0
65 13 21.0
65 19 20.0
65 30 16.0
65 36 23.0
65 41 16.0
65 49 12.0
65 51 22.0
65 56 23.0
65 57 16.0
65 67 19.0
65 68 6.0
65 70 14.0
65 76 24.0
65 81 15.0
65 88 12.0
65 89 19.0
66 12 12.0
66 17 19.0
66 18 8.0
66 50 13.0
66 59 11.0
66 63 14.0
66 74 24.0
66 76 24.0
66 84 10.0
67 0 24.0
67 3 5.0
67 5 9.0
67 11 2.0
67 13 16.0
67 14 23.0
67 19 1.0
67 22 22.0
67 30 13.0
67 32 24.0
67 33 20.0
67 41 11.0
67 43 14.0
67 44 16.0
67 49 12.0
67 51 9.0
67 55 20.0
67 57 17.0
67 65 19.0
67 79 13.0
67 88 23.0
67 89 19.0
68 0 21.0
68 2 16.0
68 6 3.0
68 7 13.0
68 30 21.0
68 36 17.0
68 39 24.0
68 41 22.0
68 49 17.0
68 56 19.0
68 57 20.0
68 65 6.0
68 70 8.0
68 73 21.0
68 76 18.0
68 81 10.0
68 88 13.0
68 89 22.0
69 15 18.0
69 21 16.0
69 23 16.0
69 26 2.0
69 38 20.0
69 45 20.0
69 47 24.0
69 64 19.0
69 80 14.0
70 2 13.0
70 6 5.0
70 7 16.0
70 12 22.0
70 17 19.0
70 36 11.0
70 56 21.0
70 57 23.0
70 59 23.0
70 62 21.0
70 65 14.0
70 68 8.0
70 73 14.0
70 74 20.0
70 76 10.0
70 81 14.0
70 83 24.0
70 88 13.0
70 89 24.0
71 13 18.0
71 14 12.0
71 16 19.0
71 22 24.0
71 25 7.0
71 27 24.0
71 30 23.0
71 32 9.0
71 33 13.0
71 34 17.0
71 35 19.0
71 48 24.0
71 53 8.0
71 57 22.0
71 58 23.0
71 78 13.0
71 83 24.0
71 89 20.0
72 9 13.0
72 16 11.0
72 21 19.0
72 23 19.0
72 25 22.0
72 29 10.0
72 31 21.0
72 34 18.0
72 35 23.0
72 37 13.0
72 40 13.0
72 46 10.0
72 52 15.0
72 53 23.0
72 58 4.0
72 80 23.0
73 1 18.0
73 2 23.0
73 6 18.0
73 10 23.0
73 12 17.0
73 17 20.0
73 18 21.0
73 36 17.0
73 59 16.0
73 62 10.0
73 63 18.0
73 68 21.0
73 70 14.0
73 74 6.0
73 75 15.0
73 76 12.0
73 83 16.0
73 84 21.0
73 86 21.0
73 88 17.0
74 1 15.0
74 6 24.0
74 10 17.0
74 12 15.0
74 17 22.0
74 18 17.0
74 36 21.0
74 50 23.0
74 59 14.0
74 62 11.0
74 63 13.0
74 66 24.0
74 70 20.0
74 73 6.0
74 75 9.0
74 76 16.0
74 82 24.0
74 83 18.0
74 84 20.0
74 86 18.0
74 88 22.0
75 1 9.0
75 10 9.0
75 12 21.0
75 18 18.0
75 24 16.0
75 28 16.0
75 50 21.0
75 59 20.0
75 62 14.0
75 63 12.0
75 73 15.0
75 74 9.0
75 82 15.0
75 83 19.0
75 86 12.0
75 87 16.0
76 2 12.0
76 6 15.0
76 7 21.0
76 12 13.0
76 17 9.0
76 18 22.0
76 36 6.0
76 56 24.0
76 59 13.0
76 62 22.0
76 63 22.0
76 65 24.0
76 66 24.0
76 68 18.0
76 70 10.0
76 73 12.0
76 74 16.0
76 81 19.0
76 84 15.0
76 88 21.0
77 4 19.0
77 20 18.0
77 27 7.0
77 34 23.0
77 48 17.0
77 61 21.0
77 78 18.0
78 14 21.0
78 16 21.0
78 25 11.0
78 27 12.0
78 32 22.0
78 34 15.0
78 48 13.0
78 53 20.0
78 71 13.0
78 77 18.0
78 83 23.0
78 86 24.0
79 3 16.0
79 5 11.0
79 11 13.0
79 19 13.0
79 22 21.0
79 38 23.0
79 41 17.0
79 43 8.0
79 44 5.0
79 45 22.0
79 47 19.0
79 49 21.0
79 51 11.0
79 55 7.0
79 64 24.0
79 67 13.0
80 9 15.0
80 15 23.0
80 21 6.0
80 23 6.0
80 26 16.0
80 29 15.0
80 46 16.0
80 69 14.0
80 72 23.0
81 0 20.0
81 2 10.0
81 6 12.0
81 7 3.0
81 17 23.0
81 36 15.0
81 39 15.0
81 49 22.0
81 56 9.0
81 60 21.0
81 65 15.0
81 68 10.0
81 70 14.0
81 76 19.0
81 88 23.0
82 1 12.0
82 4 11.0
82 10 14.0
82 20 18.0
82 24 10.0
82 28 7.0
82 48 18.0
82 54 20.0
82 62 23.0
82 74 24.0
82 75 15.0
82 85 14.0
82 86 11.0
82 87 4.0
83 1 13.0
83 13 19.0
83 14 17.0
83 30 21.0
83 48 21.0
83 57 17.0
83 62 7.0
83 70 24.0
83 71 24.0
83 73 16.0
83 74 18.0
83 75 19.0
83 78 23.0
83 86 14.0
83 88 15.0
83 89 15.0
84 2 22.0
84 12 5.0
84 17 9.0
84 18 12.0
84 36 17.0
84 50 21.0
84 59 6.0
84 63 16.0
84 66 10.0
84 73 21.0
84 74 20.0
84 76 15.0
85 4 14.0
85 10 21.0
85 20 15.0
85 24 13.0
85 28 11.0
85 54 6.0
85 82 14.0
85 87 12.0
86 1 3.0
86 4 18.0
86 10 18.0
86 24 19.0
86 28 17.0
86 48 14.0
86 62 13.0
86 73 21.0
86 74 18.0
86 75 12.0
86 78 24.0
86 82 11.0
86 83 14.0
86 87 14.0
87 1 15.0
87 4 13.0
87 10 12.0
87 20 19.0
87 24 7.0
87 28 4.0
87 48 21.0
87 54 17.0
87 63 24.0
87 75 16.0
87 82 4.0
87 85 12.0
87 86 14.0
88 3 21.0
88 6 11.0
88 11 23.0
88 13 15.0
88 14 19.0
88 19 24.0
88 30 13.0
88 36 24.0
88 49 21.0
88 57 10.0
88 62 16.0
88 65 12.0
88 67 23.0
88 68 13.0
88 70 13.0
88 73 17.0
88 74 22.0
88 76 21.0
88 81 23.0
88 83 15.0
88 89 11.0
89 3 15.0
89 6 22.0
89 11 20.0
89 13 4.0
89 14 8.0
89 19 19.0
89 30 6.0
89 32 17.0
89 33 15.0
89 49 23.0
89 53 22.0
89 57 3.0
89 62 20.0
89 65 19.0
89 67 19.0
89 68 22.0
89 70 24.0
89 71 20.0
89 83 15.0
89 88 11.0
