54
426
0 11.0 87.0
1 1.0 48.0
2 60.0 88.0
3 39.0 5.0
4 83.0 83.0
5 32.0 91.0
6 2.0 47.0
7 96.0 83.0
8 52.0 68.0
9 45.0 11.0
10 6.0 59.0
11 0.0 3.0
12 18.0 69.0
13 81.0 17.0
14 69.0 91.0
15 79.0 17.0
16 100.0 94.0
17 49.0 77.0
18 80.0 71.0
19 58.0 95.0
20 8.0 23.0
21 89.0 23.0
22 83.0 88.0
23 39.0 77.0
24 64.0 13.0
25 18.0 34.0
26 91.0 73.0
27 76.0 2.0
28 34.0 40.0
29 12.0 59.0
30 0.0 77.0
31 56.0 26.0
32 48.0 54.0
33 86.0 89.0
34 36.0 54.0
35 0.0 17.0
36 40.0 40.0
37 67.0 76.0
38 6.0 20.0
39 63.0 81.0
40 19.0 90.0
41 73.0 75.0
42 63.0 48.0
43 83.0 41.0
44 55.0 24.0
45 55.0 50.0
46 5.0 17.0
47 19.0 6.0
48 49.0 40.0
49 44.0 61.0
50 49.0 24.0
51 72.0 77.0
52 14.0 66.0
53 22.0 41.0
0 5 21.0
0 12 19.0
0 30 15.0
0 40 9.0
0 52 21.0
1 6 1.0
1 10 12.0
1 25 22.0
1 29 16.0
1 52 22.0
1 53 22.0
2 4 24.0
2 8 22.0
2 14 9.0
2 17 16.0
2 19 7.0
2 22 23.0
2 23 24.0
2 37 14.0
2 39 8.0
2 41 18.0
2 51 16.0
3 9 8.0
3 47 20.0
3 50 21.0
4 2 24.0
4 7 13.0
4 14 16.0
4 16 20.0
4 18 12.0
4 22 5.0
4 26 13.0
4 33 7.0
4 37 17.0
4 39 20.0
4 41 13.0
4 51 13.0
5 0 21.0
5 17 22.0
5 23 16.0
5 40 13.0
6 1 1.0
6 10 13.0
6 25 21.0
6 29 16.0
6 52 22.0
6 53 21.0
7 4 13.0
7 16 12.0
7 18 20.0
7 22 14.0
7 26 11.0
7 33 12.0
7 41 24.0
8 2 22.0
8 17 9.0
8 23 16.0
8 32 15.0
8 34 21.0
8 37 17.0
8 39 17.0
8 41 22.0
8 42 23.0
8 45 18.0
8 49 11.0
8 51 22.0
9 3 8.0
9 24 19.0
9 31 19.0
9 44 16.0
9 50 14.0
10 1 12.0
10 6 13.0
10 12 16.0
10 29 6.0
10 30 19.0
10 52 11.0
10 53 24.0
11 20 22.0
11 35 14.0
11 38 18.0
11 46 15.0
11 47 19.0
12 0 19.0
12 10 16.0
12 23 22.0
12 29 12.0
12 30 20.0
12 34 23.0
12 40 21.0
12 52 5.0
13 15 2.0
13 21 10.0
13 24 17.0
13 27 16.0
13 43 24.0
14 2 9.0
14 4 16.0
14 17 24.0
14 18 23.0
14 19 12.0
14 22 14.0
14 33 17.0
14 37 15.0
14 39 12.0
14 41 16.0
14 51 14.0
15 13 2.0
15 21 12.0
15 24 16.0
15 27 15.0
15 43 24.0
16 4 20.0
16 7 12.0
16 22 18.0
16 26 23.0
16 33 15.0
17 2 16.0
17 5 22.0
17 8 9.0
17 14 24.0
17 19 20.0
17 23 10.0
17 32 23.0
17 37 18.0
17 39 15.0
17 41 24.0
17 49 17.0
17 51 23.0
18 4 12.0
18 7 20.0
18 14 23.0
18 22 17.0
18 26 11.0
18 33 19.0
18 37 14.0
18 39 20.0
18 41 8.0
18 51 10.0
19 2 7.0
19 14 12.0
19 17 20.0
19 37 21.0
19 39 15.0
19 51 23.0
20 11 22.0
20 25 15.0
20 35 10.0
20 38 4.0
20 46 7.0
20 47 20.0
20 53 23.0
21 13 10.0
21 15 12.0
21 43 19.0
22 2 23.0
22 4 5.0
22 7 14.0
22 14 14.0
22 16 18.0
22 18 17.0
22 26 17.0
22 33 3.0
22 37 20.0
22 39 21.0
22 41 16.0
22 51 16.0
23 2 24.0
23 5 16.0
23 8 16.0
23 12 22.0
23 17 10.0
23 34 23.0
23 39 24.0
23 40 24.0
23 49 17.0
24 9 19.0
24 13 17.0
24 15 16.0
24 27 16.0
24 31 15.0
24 44 14.0
24 50 19.0
25 1 22.0
25 6 21.0
25 20 15.0
25 28 17.0
25 36 23.0
25 38 18.0
25 46 21.0
25 53 8.0
26 4 13.0
26 7 11.0
26 16 23.0
26 18 11.0
26 22 17.0
26 33 17.0
26 37 24.0
26 41 18.0
26 51 19.0
27 13 16.0
27 15 15.0
27 24 16.0
28 25 17.0
28 32 20.0
28 34 14.0
28 36 6.0
28 45 23.0
28 48 15.0
28 49 23.0
28 50 22.0
28 53 12.0
29 1 16.0
29 6 16.0
29 10 6.0
29 12 12.0
29 30 22.0
29 52 7.0
29 53 21.0
30 0 15.0
30 10 19.0
30 12 20.0
30 29 22.0
30 40 23.0
30 52 18.0
31 9 19.0
31 24 15.0
31 36 21.0
31 42 23.0
31 44 2.0
31 45 24.0
31 48 16.0
31 50 7.0
32 8 15.0
32 17 23.0
32 28 20.0
32 34 12.0
32 36 16.0
32 42 16.0
32 45 8.0
32 48 14.0
32 49 8.0
33 4 7.0
33 7 12.0
33 14 17.0
33 16 15.0
33 18 19.0
33 22 3.0
33 26 17.0
33 37 23.0
33 39 24.0
33 41 19.0
33 51 18.0
34 8 21.0
34 12 23.0
34 23 23.0
34 28 14.0
34 32 12.0
34 36 15.0
34 45 19.0
34 48 19.0
34 49 11.0
34 53 19.0
35 11 14.0
35 20 10.0
35 38 7.0
35 46 5.0
35 47 22.0
36 25 23.0
36 28 6.0
36 31 21.0
36 32 16.0
36 34 15.0
36 42 24.0
36 44 22.0
36 45 18.0
36 48 9.0
36 49 21.0
36 50 18.0
36 53 18.0
37 2 14.0
37 4 17.0
37 8 17.0
37 14 15.0
37 17 18.0
37 18 14.0
37 19 21.0
37 22 20.0
37 26 24.0
37 33 23.0
37 39 6.0
37 41 6.0
37 51 5.0
38 11 18.0
38 20 4.0
38 25 18.0
38 35 7.0
38 46 3.0
38 47 19.0
39 2 8.0
39 4 20.0
39 8 17.0
39 14 12.0
39 17 15.0
39 18 20.0
39 19 15.0
39 22 21.0
39 23 24.0
39 33 24.0
39 37 6.0
39 41 12.0
39 51 10.0
40 0 9.0
40 5 13.0
40 12 21.0
40 23 24.0
40 30 23.0
41 2 18.0
41 4 13.0
41 7 24.0
41 8 22.0
41 14 16.0
41 17 24.0
41 18 8.0
41 22 16.0
41 26 18.0
41 33 19.0
41 37 6.0
41 39 12.0
41 51 2.0
42 8 23.0
42 31 23.0
42 32 16.0
42 36 24.0
42 43 21.0
42 45 8.0
42 48 16.0
42 49 23.0
43 13 24.0
43 15 24.0
43 21 19.0
43 42 21.0
44 9 16.0
44 24 14.0
44 31 2.0
44 36 22.0
44 48 17.0
44 50 6.0
45 8 18.0
45 28 23.0
45 31 24.0
45 32 8.0
45 34 19.0
45 36 18.0
45 42 8.0
45 48 12.0
45 49 16.0
46 11 15.0
46 20 7.0
46 25 21.0
46 35 5.0
46 38 3.0
46 47 18.0
47 3 20.0
47 11 19.0
47 20 20.0
47 35 22.0
47 38 19.0
47 46 18.0
48 28 15.0
48 31 16.0
48 32 14.0
48 34 19.0
48 36 9.0
48 42 16.0
48 44 17.0
48 45 12.0
48 49 22.0
48 50 16.0
49 8 11.0
49 17 17.0
49 23 17.0
49 28 23.0
49 32 8.0
49 34 11.0
49 36 21.0
49 42 23.0
49 45 16.0
49 48 22.0
50 3 21.0
50 9 14.0
50 24 19.0
50 28 22.0
50 31 7.0
50 36 18.0
50 44 6.0
50 48 16.0
51 2 16.0
51 4 13.0
51 8 22.0
51 14 14.0
51 17 23.0
51 18 10.0
51 19 23.0
51 22 16.0
51 26 19.0
51 33 18.0
51 37 5.0
51 39 10.0
51 41 2.0
52 0 21.0
52 1 22.0
52 6 22.0
52 10 11.0
52 12 5.0
52 29 7.0
52 30 18.0
53 1 22.0
53 6 21.0
53 10 24.0
53 20 23.0
53 25 8.0
53 28 12.0
53 29 21.0
53 34 19.0
53 36 18.0
