27
112
0 44.0 16.0
1 22.0 6.0
2 14.0 64.0
3 30.0 63.0
4 26.0 13.0
5 9.0 21.0
6 26.0 43.0
7 5.0 16.0
8 22.0 16.0
9 29.0 20.0
10 85.0 50.0
11 79.0 55.0
12 86.0 51.0
13 88.0 33.0
14 70.0 13.0
15 77.0 78.0
16 70.0 44.0
17 34.0 64.0
18 93.0 95.0
19 58.0 34.0
20 24.0 91.0
21 46.0 76.0
22 8.0 55.0
23 97.0 29.0
24 36.0 16.0
25 12.0 92.0
26 84.0 96.0
0 1 24.0
0 4 18.0
0 8 22.0
0 9 16.0
0 19 23.0
0 24 8.0
1 0 24.0
1 4 8.0
1 5 20.0
1 7 20.0
1 8 10.0
1 9 16.0
1 24 17.0
2 3 16.0
2 6 24.0
2 17 20.0
2 22 11.0
3 2 16.0
3 6 20.0
3 17 4.0
3 21 21.0
3 22 23.0
4 0 18.0
4 1 8.0
4 5 19.0
4 7 21.0
4 8 5.0
4 9 8.0
4 24 10.0
5 1 20.0
5 4 19.0
5 7 6.0
5 8 14.0
5 9 20.0
6 2 24.0
6 3 20.0
6 9 23.0
6 17 22.0
6 22 22.0
7 1 20.0
7 4 21.0
7 5 6.0
7 8 17.0
7 9 24.0
8 0 22.0
8 1 10.0
8 4 5.0
8 5 14.0
8 7 17.0
8 9 8.0
8 24 14.0
9 0 16.0
9 1 16.0
9 4 8.0
9 5 20.0
9 6 23.0
9 7 24.0
9 8 8.0
9 24 8.0
10 11 8.0
10 12 1.0
10 13 17.0
10 16 16.0
10 23 24.0
11 10 8.0
11 12 8.0
11 13 24.0
11 15 23.0
11 16 14.0
12 10 1.0
12 11 8.0
12 13 18.0
12 16 17.0
13 10 17.0
13 11 24.0
13 12 18.0
13 16 21.0
13 23 10.0
14 19 24.0
15 11 23.0
15 18 23.0
15 26 19.0
16 10 16.0
16 11 14.0
16 12 17.0
16 13 21.0
16 19 16.0
17 2 20.0
17 3 4.0
17 6 22.0
17 21 17.0
18 15 23.0
18 26 9.0
19 0 23.0
19 14 24.0
19 16 16.0
20 25 12.0
21 3 21.0
21 17 17.0
22 2 11.0
22 3 23.0
22 6 22.0
23 10 24.0
23 13 10.0
24 0 8.0
24 1 17.0
24 4 10.0
24 8 14.0
24 9 8.0
25 20 12.0
26 15 19.0
26 18 9.0
