28
110
0 27.0 61.0
1 79.0 36.0
2 22.0 21.0
3 61.0 81.0
4 84.0 47.0
5 54.0 47.0
6 78.0 41.0
7 27.0 45.0
8 29.0 83.0
9 31.0 28.0
10 92.0 80.0
11 39.0 88.0
12 96.0 63.0
13 73.0 86.0
14 36.0 5.0
15 37.0 86.0
16 71.0 50.0
17 57.0 55.0
18 83.0 96.0
19 75.0 37.0
20 46.0 14.0
21 74.0 75.0
22 27.0 1.0
23 74.0 97.0
24 90.0 10.0
25 23.0 34.0
26 58.0 49.0
27 67.0 22.0
0 7 16.0
0 8 22.0
1 4 12.0
1 6 5.0
1 16 16.0
1 19 4.0
1 27 18.0
2 9 11.0
2 14 21.0
2 22 21.0
2 25 13.0
3 11 23.0
3 13 13.0
3 21 14.0
3 23 21.0
4 1 12.0
4 6 8.0
4 12 20.0
4 16 13.0
4 19 13.0
5 16 17.0
5 17 9.0
5 19 23.0
5 26 4.0
6 1 5.0
6 4 8.0
6 16 11.0
6 19 5.0
6 26 22.0
6 27 22.0
7 0 16.0
7 9 17.0
7 25 12.0
8 0 22.0
8 11 11.0
8 15 9.0
9 2 11.0
9 7 17.0
9 14 24.0
9 20 21.0
9 25 10.0
10 12 17.0
10 13 20.0
10 18 18.0
10 21 19.0
11 3 23.0
11 8 11.0
11 15 3.0
12 4 20.0
12 10 17.0
13 3 13.0
13 10 20.0
13 18 14.0
13 21 11.0
13 23 11.0
14 2 21.0
14 9 24.0
14 20 13.0
14 22 10.0
15 8 9.0
15 11 3.0
16 1 16.0
16 4 13.0
16 5 17.0
16 6 11.0
16 17 15.0
16 19 14.0
16 26 13.0
17 5 9.0
17 16 15.0
17 26 6.0
18 10 18.0
18 13 14.0
18 21 23.0
18 23 9.0
19 1 4.0
19 4 13.0
19 5 23.0
19 6 5.0
19 16 14.0
19 26 21.0
19 27 17.0
20 9 21.0
20 14 13.0
20 22 23.0
20 27 22.0
21 3 14.0
21 10 19.0
21 13 11.0
21 18 23.0
21 23 22.0
22 2 21.0
22 14 10.0
22 20 23.0
23 3 21.0
23 13 11.0
23 18 9.0
23 21 22.0
25 2 13.0
25 7 12.0
25 9 10.0
26 5 4.0
26 6 22.0
26 16 13.0
26 17 6.0
26 19 21.0
27 1 18.0
27 6 22.0
27 19 17.0
27 20 22.0
