36
164
0 76.0 53.0
1 98.0 87.0
2 61.0 10.0
3 95.0 16.0
4 8.0 82.0
5 19.0 70.0
6 50.0 46.0
7 8.0 31.0
8 64.0 52.0
9 8.0 56.0
10 16.0 60.0
11 56.0 31.0
12 63.0 96.0
13 0.0 76.0
14 41.0 18.0
15 34.0 74.0
16 49.0 94.0
17 3.0 88.0
18 89.0 11.0
19 56.0 59.0
20 67.0 80.0
21 80.0 9.0
22 18.0 30.0
23 42.0 6.0
24 13.0 98.0
25 4.0 28.0
26 81.0 50.0
27 58.0 46.0
28 20.0 15.0
29 49.0 13.0
30 51.0 2.0
31 3.0 99.0
32 93.0 15.0
33 95.0 95.0
34 55.0 13.0
35 12.0 84.0
0 8 12.0
0 19 21.0
0 26 6.0
0 27 19.0
1 33 9.0
2 11 22.0
2 14 22.0
2 21 19.0
2 23 19.0
2 29 12.0
2 30 13.0
2 34 7.0
3 18 8.0
3 21 17.0
3 32 2.0
4 5 16.0
4 10 23.0
4 13 10.0
4 17 8.0
4 24 17.0
4 31 18.0
4 35 4.0
5 4 16.0
5 9 18.0
5 10 10.0
5 13 20.0
5 15 16.0
5 17 24.0
5 35 16.0
6 8 15.0
6 11 16.0
6 19 14.0
6 27 8.0
7 22 10.0
7 25 5.0
7 28 20.0
8 0 12.0
8 6 15.0
8 11 22.0
8 19 11.0
8 26 17.0
8 27 8.0
9 5 18.0
9 10 9.0
9 13 22.0
10 4 23.0
10 5 10.0
10 9 9.0
10 13 23.0
10 15 23.0
10 35 24.0
11 2 22.0
11 6 16.0
11 8 22.0
11 14 20.0
11 27 15.0
11 29 19.0
11 34 18.0
12 16 14.0
12 20 16.0
13 4 10.0
13 5 20.0
13 9 22.0
13 10 23.0
13 17 12.0
13 31 23.0
13 35 14.0
14 2 22.0
14 11 20.0
14 23 12.0
14 28 21.0
14 29 9.0
14 30 19.0
14 34 15.0
15 5 16.0
15 10 23.0
15 35 24.0
16 12 14.0
16 20 23.0
17 4 8.0
17 5 24.0
17 13 12.0
17 24 14.0
17 31 11.0
17 35 10.0
18 3 8.0
18 21 9.0
18 32 6.0
19 0 21.0
19 6 14.0
19 8 11.0
19 20 24.0
19 27 13.0
20 12 16.0
20 16 23.0
20 19 24.0
21 2 19.0
21 3 17.0
21 18 9.0
21 32 14.0
22 7 10.0
22 25 14.0
22 28 15.0
23 2 19.0
23 14 12.0
23 28 24.0
23 29 10.0
23 30 10.0
23 34 15.0
24 4 17.0
24 17 14.0
24 31 10.0
24 35 14.0
25 7 5.0
25 22 14.0
25 28 21.0
26 0 6.0
26 8 17.0
26 27 23.0
27 0 19.0
27 6 8.0
27 8 8.0
27 11 15.0
27 19 13.0
27 26 23.0
28 7 20.0
28 14 21.0
28 22 15.0
28 23 24.0
28 25 21.0
29 2 12.0
29 11 19.0
29 14 9.0
29 23 10.0
29 30 11.0
29 34 6.0
30 2 13.0
30 14 19.0
30 23 10.0
30 29 11.0
30 34 12.0
31 4 18.0
31 13 23.0
31 17 11.0
31 24 10.0
31 35 17.0
32 3 2.0
32 18 6.0
32 21 14.0
33 1 9.0
34 2 7.0
34 11 18.0
34 14 15.0
34 23 15.0
34 29 6.0
34 30 12.0
35 4 4.0
35 5 16.0
35 10 24.0
35 13 14.0
35 15 24.0
35 17 10.0
35 24 14.0
35 31 17.0
