20
44
0 74.0 96.0
1 81.0 97.0
2 17.0 16.0
3 84.0 84.0
4 99.0 16.0
5 10.0 41.0
6 40.0 4.0
7 100.0 1.0
8 65.0 79.0
9 39.0 71.0
10 12.0 2.0
11 25.0 72.0
12 47.0 23.0
13 16.0 50.0
14 55.0 73.0
15 78.0 46.0
16 71.0 47.0
17 98.0 60.0
18 23.0 58.0
19 96.0 11.0
0 1 7.0
0 3 16.0
0 8 19.0
1 0 7.0
1 3 13.0
1 8 24.0
2 10 15.0
3 0 16.0
3 1 13.0
3 8 20.0
4 7 15.0
4 19 6.0
5 13 11.0
5 18 21.0
6 12 20.0
7 4 15.0
7 19 11.0
8 0 19.0
8 1 24.0
8 3 20.0
8 14 12.0
9 11 14.0
9 14 16.0
9 18 21.0
10 2 15.0
11 9 14.0
11 13 24.0
11 18 14.0
12 6 20.0
13 5 11.0
13 11 24.0
13 18 11.0
14 8 12.0
14 9 16.0
15 16 7.0
15 17 24.0
16 15 7.0
17 15 24.0
18 5 21.0
18 9 21.0
18 11 14.0
18 13 11.0
19 4 6.0
19 7 11.0
