72
698
0 32.0 11.0
1 38.0 24.0
2 86.0 99.0
3 19.0 40.0
4 34.0 63.0
5 81.0 29.0
6 11.0 57.0
7 67.0 40.0
8 47.0 1.0
9 64.0 15.0
10 10.0 5.0
11 48.0 20.0
12 78.0 0.0
13 65.0 18.0
14 78.0 77.0
15 1.0 64.0
16 4.0 39.0
17 39.0 74.0
18 28.0 3.0
19 94.0 65.0
20 65.0 0.0
21 42.0 55.0
22 40.0 90.0
23 27.0 90.0
24 26.0 60.0
25 55.0 3.0
26 6.0 77.0
27 96.0 5.0
28 89.0 30.0
29 65.0 78.0
30 2.0 36.0
31 26.0 67.0
32 30.0 5.0
33 72.0 84.0
34 26.0 90.0
35 30.0 74.0
36 91.0 34.0
37 18.0 41.0
38 5.0 65.0
39 22.0 31.0
40 76.0 13.0
41 73.0 5.0
42 58.0 11.0
43 100.0 90.0
44 92.0 66.0
45 14.0 70.0
46 55.0 32.0
47 95.0 45.0
48 58.0 56.0
49 76.0 96.0
50 25.0 41.0
51 30.0 12.0
52 82.0 71.0
53 81.0 45.0
54 85.0 11.0
55 38.0 26.0
56 52.0 39.0
57 52.0 26.0
58 12.0 82.0
59 46.0 13.0
60 12.0 83.0
61 81.0 72.0
62 67.0 76.0
63 12.0 36.0
64 8.0 40.0
65 5.0 11.0
66 51.0 91.0
67 69.0 30.0
68 36.0 66.0
69 9.0 93.0
70 45.0 2.0
71 38.0 55.0
0 1 14.0
0 8 18.0
0 10 23.0
0 11 18.0
0 18 9.0
0 25 24.0
0 32 6.0
0 39 22.0
0 51 2.0
0 55 16.0
0 59 14.0
0 70 16.0
1 0 14.0
1 11 11.0
1 18 23.0
1 32 21.0
1 39 17.0
1 42 24.0
1 46 19.0
1 50 21.0
1 51 14.0
1 55 2.0
1 56 21.0
1 57 14.0
1 59 14.0
1 70 23.0
2 14 23.0
2 33 21.0
2 43 17.0
2 49 10.0
3 6 19.0
3 16 15.0
3 24 21.0
3 30 17.0
3 37 1.0
3 39 9.0
3 50 6.0
3 55 24.0
3 63 8.0
3 64 11.0
3 71 24.0
4 6 24.0
4 17 12.0
4 21 11.0
4 24 9.0
4 31 9.0
4 35 12.0
4 45 21.0
4 50 24.0
4 68 4.0
4 71 9.0
5 7 18.0
5 9 22.0
5 13 19.0
5 28 8.0
5 36 11.0
5 40 17.0
5 47 21.0
5 53 16.0
5 54 18.0
5 67 12.0
6 3 19.0
6 4 24.0
6 15 12.0
6 16 19.0
6 24 15.0
6 26 21.0
6 30 23.0
6 31 18.0
6 37 17.0
6 38 10.0
6 45 13.0
6 50 21.0
6 63 21.0
6 64 17.0
7 5 18.0
7 13 22.0
7 28 24.0
7 46 14.0
7 48 18.0
7 53 15.0
7 56 15.0
7 57 21.0
7 67 10.0
8 0 18.0
8 9 22.0
8 11 19.0
8 18 19.0
8 20 18.0
8 25 8.0
8 32 17.0
8 42 15.0
8 51 20.0
8 59 12.0
8 70 2.0
9 5 22.0
9 8 22.0
9 11 17.0
9 12 21.0
9 13 3.0
9 20 15.0
9 25 15.0
9 40 12.0
9 41 13.0
9 42 7.0
9 46 19.0
9 54 21.0
9 57 16.0
9 59 18.0
9 67 16.0
9 70 23.0
10 0 23.0
10 18 18.0
10 32 20.0
10 51 21.0
10 65 8.0
11 0 18.0
11 1 11.0
11 8 19.0
11 9 17.0
11 13 17.0
11 25 18.0
11 32 23.0
11 42 13.0
11 46 14.0
11 51 20.0
11 55 12.0
11 56 19.0
11 57 7.0
11 59 7.0
11 67 23.0
11 70 18.0
12 9 21.0
12 13 22.0
12 20 13.0
12 25 23.0
12 27 19.0
12 40 13.0
12 41 7.0
12 42 23.0
12 54 13.0
13 5 19.0
13 7 22.0
13 9 3.0
13 11 17.0
13 12 22.0
13 20 18.0
13 25 18.0
13 40 12.0
13 41 15.0
13 42 10.0
13 46 17.0
13 54 21.0
13 57 15.0
13 59 20.0
13 67 13.0
14 2 23.0
14 19 20.0
14 29 13.0
14 33 9.0
14 44 18.0
14 49 19.0
14 52 7.0
14 61 6.0
14 62 11.0
15 6 12.0
15 26 14.0
15 38 4.0
15 45 14.0
15 58 21.0
15 60 22.0
16 3 15.0
16 6 19.0
16 30 4.0
16 37 14.0
16 39 20.0
16 50 21.0
16 63 9.0
16 64 4.0
17 4 12.0
17 21 19.0
17 22 16.0
17 23 20.0
17 24 19.0
17 31 15.0
17 34 21.0
17 35 9.0
17 66 21.0
17 68 9.0
17 71 19.0
18 0 9.0
18 1 23.0
18 8 19.0
18 10 18.0
18 32 3.0
18 51 9.0
18 59 21.0
18 65 24.0
18 70 17.0
19 14 20.0
19 44 2.0
19 47 20.0
19 52 13.0
19 53 24.0
19 61 15.0
20 8 18.0
20 9 15.0
20 12 13.0
20 13 18.0
20 25 10.0
20 40 17.0
20 41 9.0
20 42 13.0
20 54 23.0
20 59 23.0
20 70 20.0
21 4 11.0
21 17 19.0
21 24 17.0
21 31 20.0
21 35 22.0
21 48 16.0
21 50 22.0
21 56 19.0
21 68 13.0
21 71 4.0
22 17 16.0
22 23 13.0
22 34 14.0
22 35 19.0
22 66 11.0
22 68 24.0
23 17 20.0
23 22 13.0
23 31 23.0
23 34 1.0
23 35 16.0
23 45 24.0
23 58 17.0
23 60 17.0
23 66 24.0
23 69 18.0
24 3 21.0
24 4 9.0
24 6 15.0
24 17 19.0
24 21 17.0
24 31 7.0
24 35 15.0
24 37 21.0
24 38 22.0
24 45 16.0
24 50 19.0
24 68 12.0
24 71 13.0
25 0 24.0
25 8 8.0
25 9 15.0
25 11 18.0
25 12 23.0
25 13 18.0
25 20 10.0
25 40 23.0
25 41 18.0
25 42 9.0
25 57 23.0
25 59 13.0
25 70 10.0
26 6 21.0
26 15 14.0
26 31 22.0
26 34 24.0
26 35 24.0
26 38 12.0
26 45 11.0
26 58 8.0
26 60 8.0
26 69 16.0
27 12 19.0
27 40 22.0
27 41 23.0
27 54 13.0
28 5 8.0
28 7 24.0
28 36 4.0
28 40 21.0
28 47 16.0
28 53 17.0
28 54 19.0
28 67 20.0
29 14 13.0
29 33 9.0
29 48 23.0
29 49 21.0
29 52 18.0
29 61 17.0
29 62 3.0
29 66 19.0
30 3 17.0
30 6 23.0
30 16 4.0
30 37 17.0
30 39 21.0
30 50 24.0
30 63 10.0
30 64 7.0
31 4 9.0
31 6 18.0
31 17 15.0
31 21 20.0
31 23 23.0
31 24 7.0
31 26 22.0
31 34 23.0
31 35 8.0
31 38 21.0
31 45 12.0
31 58 21.0
31 60 21.0
31 68 10.0
31 71 17.0
32 0 6.0
32 1 21.0
32 8 17.0
32 10 20.0
32 11 23.0
32 18 3.0
32 51 7.0
32 55 22.0
32 59 18.0
32 70 15.0
33 2 21.0
33 14 9.0
33 29 9.0
33 49 13.0
33 52 16.0
33 61 15.0
33 62 9.0
33 66 22.0
34 17 21.0
34 22 14.0
34 23 1.0
34 26 24.0
34 31 23.0
34 35 16.0
34 45 23.0
34 58 16.0
34 60 16.0
34 69 17.0
35 4 12.0
35 17 9.0
35 21 22.0
35 22 19.0
35 23 16.0
35 24 15.0
35 26 24.0
35 31 8.0
35 34 16.0
35 45 16.0
35 58 20.0
35 60 20.0
35 68 10.0
35 71 21.0
36 5 11.0
36 28 4.0
36 47 12.0
36 53 15.0
36 54 24.0
36 67 22.0
37 3 1.0
37 6 17.0
37 16 14.0
37 24 21.0
37 30 17.0
37 39 11.0
37 50 7.0
37 63 8.0
37 64 10.0
37 71 24.0
38 6 10.0
38 15 4.0
38 24 22.0
38 26 12.0
38 31 21.0
38 45 10.0
38 58 18.0
38 60 19.0
39 0 22.0
39 1 17.0
39 3 9.0
39 16 20.0
39 30 21.0
39 37 11.0
39 50 10.0
39 51 21.0
39 55 17.0
39 63 11.0
39 64 17.0
40 5 17.0
40 9 12.0
40 12 13.0
40 13 12.0
40 20 17.0
40 25 23.0
40 27 22.0
40 28 21.0
40 41 9.0
40 42 18.0
40 54 9.0
40 67 18.0
41 9 13.0
41 12 7.0
41 13 15.0
41 20 9.0
41 25 18.0
41 27 23.0
41 40 9.0
41 42 16.0
41 54 13.0
42 1 24.0
42 8 15.0
42 9 7.0
42 11 13.0
42 12 23.0
42 13 10.0
42 20 13.0
42 25 9.0
42 40 18.0
42 41 16.0
42 46 21.0
42 57 16.0
42 59 12.0
42 67 22.0
42 70 16.0
43 2 17.0
44 14 18.0
44 19 2.0
44 47 21.0
44 52 11.0
44 53 24.0
44 61 13.0
45 4 21.0
45 6 13.0
45 15 14.0
45 23 24.0
45 24 16.0
45 26 11.0
45 31 12.0
45 34 23.0
45 35 16.0
45 38 10.0
45 58 12.0
45 60 13.0
45 68 22.0
45 69 24.0
46 1 19.0
46 7 14.0
46 9 19.0
46 11 14.0
46 13 17.0
46 42 21.0
46 48 24.0
46 55 18.0
46 56 8.0
46 57 7.0
46 59 21.0
46 67 14.0
47 5 21.0
47 19 20.0
47 28 16.0
47 36 12.0
47 44 21.0
47 53 14.0
48 7 18.0
48 21 16.0
48 29 23.0
48 46 24.0
48 56 18.0
48 62 22.0
48 68 24.0
48 71 20.0
49 2 10.0
49 14 19.0
49 29 21.0
49 33 13.0
49 62 22.0
50 1 21.0
50 3 6.0
50 4 24.0
50 6 21.0
50 16 21.0
50 21 22.0
50 24 19.0
50 30 24.0
50 37 7.0
50 39 10.0
50 55 20.0
50 63 14.0
50 64 17.0
50 71 19.0
51 0 2.0
51 1 14.0
51 8 20.0
51 10 21.0
51 11 20.0
51 18 9.0
51 32 7.0
51 39 21.0
51 55 16.0
51 59 16.0
51 70 18.0
52 14 7.0
52 19 13.0
52 29 18.0
52 33 16.0
52 44 11.0
52 61 1.0
52 62 16.0
53 5 16.0
53 7 15.0
53 19 24.0
53 28 17.0
53 36 15.0
53 44 24.0
53 47 14.0
53 67 19.0
54 5 18.0
54 9 21.0
54 12 13.0
54 13 21.0
54 20 23.0
54 27 13.0
54 28 19.0
54 36 24.0
54 40 9.0
54 41 13.0
55 0 16.0
55 1 2.0
55 3 24.0
55 11 12.0
55 32 22.0
55 39 17.0
55 46 18.0
55 50 20.0
55 51 16.0
55 56 19.0
55 57 14.0
55 59 15.0
56 1 21.0
56 7 15.0
56 11 19.0
56 21 19.0
56 46 8.0
56 48 18.0
56 55 19.0
56 57 13.0
56 67 19.0
56 71 21.0
57 1 14.0
57 7 21.0
57 9 16.0
57 11 7.0
57 13 15.0
57 25 23.0
57 42 16.0
57 46 7.0
57 55 14.0
57 56 13.0
57 59 14.0
57 67 17.0
58 15 21.0
58 23 17.0
58 26 8.0
58 31 21.0
58 34 16.0
58 35 20.0
58 38 18.0
58 45 12.0
58 60 1.0
58 69 11.0
59 0 14.0
59 1 14.0
59 8 12.0
59 9 18.0
59 11 7.0
59 13 20.0
59 18 21.0
59 20 23.0
59 25 13.0
59 32 18.0
59 42 12.0
59 46 21.0
59 51 16.0
59 55 15.0
59 57 14.0
59 70 11.0
60 15 22.0
60 23 17.0
60 26 8.0
60 31 21.0
60 34 16.0
60 35 20.0
60 38 19.0
60 45 13.0
60 58 1.0
60 69 10.0
61 14 6.0
61 19 15.0
61 29 17.0
61 33 15.0
61 44 13.0
61 52 1.0
61 62 15.0
62 14 11.0
62 29 3.0
62 33 9.0
62 48 22.0
62 49 22.0
62 52 16.0
62 61 15.0
62 66 22.0
63 3 8.0
63 6 21.0
63 16 9.0
63 30 10.0
63 37 8.0
63 39 11.0
63 50 14.0
63 64 6.0
64 3 11.0
64 6 17.0
64 16 4.0
64 30 7.0
64 37 10.0
64 39 17.0
64 50 17.0
64 63 6.0
65 10 8.0
65 18 24.0
66 17 21.0
66 22 11.0
66 23 24.0
66 29 19.0
66 33 22.0
66 62 22.0
67 5 12.0
67 7 10.0
67 9 16.0
67 11 23.0
67 13 13.0
67 28 20.0
67 36 22.0
67 40 18.0
67 42 22.0
67 46 14.0
67 53 19.0
67 56 19.0
67 57 17.0
68 4 4.0
68 17 9.0
68 21 13.0
68 22 24.0
68 24 12.0
68 31 10.0
68 35 10.0
68 45 22.0
68 48 24.0
68 71 11.0
69 23 18.0
69 26 16.0
69 34 17.0
69 45 24.0
69 58 11.0
69 60 10.0
70 0 16.0
70 1 23.0
70 8 2.0
70 9 23.0
70 11 18.0
70 18 17.0
70 20 20.0
70 25 10.0
70 32 15.0
70 42 16.0
70 51 18.0
70 59 11.0
71 3 24.0
71 4 9.0
71 17 19.0
71 21 4.0
71 24 13.0
71 31 17.0
71 35 21.0
71 37 24.0
71 48 20.0
71 50 19.0
71 56 21.0
71 68 11.0
