18
40
0 95.0 69.0
1 62.0 39.0
2 98.0 31.0
3 41.0 4.0
4 54.0 32.0
5 14.0 64.0
6 78.0 64.0
7 10.0 58.0
8 7.0 35.0
9 6.0 39.0
10 45.0 20.0
11 25.0 88.0
12 16.0 77.0
13 96.0 93.0
14 4.0 92.0
15 65.0 69.0
16 53.0 40.0
17 84.0 40.0
0 6 18.0
0 13 24.0
1 4 11.0
1 16 9.0
1 17 22.0
2 17 17.0
3 10 16.0
4 1 11.0
4 10 15.0
4 16 8.0
5 7 7.0
5 12 13.0
6 0 18.0
6 15 14.0
7 5 7.0
7 8 23.0
7 9 19.0
7 12 20.0
8 7 23.0
8 9 4.0
9 7 19.0
9 8 4.0
10 3 16.0
10 4 15.0
10 16 22.0
11 12 14.0
11 14 21.0
12 5 13.0
12 7 20.0
12 11 14.0
12 14 19.0
13 0 24.0
14 11 21.0
14 12 19.0
15 6 14.0
16 1 9.0
16 4 8.0
16 10 22.0
17 1 22.0
17 2 17.0
