24
78
0 45.0 8.0
1 37.0 88.0
2 2.0 16.0
3 46.0 93.0
4 51.0 24.0
5 94.0 92.0
6 97.0 24.0
7 17.0 6.0
8 97.0 84.0
9 73.0 78.0
10 72.0 85.0
11 97.0 31.0
12 47.0 47.0
13 71.0 11.0
14 41.0 3.0
15 31.0 18.0
16 88.0 63.0
17 86.0 11.0
18 2.0 19.0
19 32.0 35.0
20 99.0 75.0
21 21.0 34.0
22 63.0 12.0
23 86.0 0.0
0 4 17.0
0 14 6.0
0 15 17.0
0 22 18.0
1 3 10.0
2 7 18.0
2 18 3.0
3 1 10.0
4 0 17.0
4 12 23.0
4 13 24.0
4 14 23.0
4 15 21.0
4 19 22.0
4 22 17.0
5 8 9.0
5 10 23.0
5 20 18.0
6 11 7.0
6 17 17.0
7 2 18.0
7 14 24.0
7 15 18.0
7 18 20.0
8 5 9.0
8 16 23.0
8 20 9.0
9 10 7.0
9 16 21.0
10 5 23.0
10 9 7.0
11 6 7.0
11 17 23.0
12 4 23.0
12 19 19.0
13 4 24.0
13 17 15.0
13 22 8.0
13 23 19.0
14 0 6.0
14 4 23.0
14 7 24.0
14 15 18.0
14 22 24.0
15 0 17.0
15 4 21.0
15 7 18.0
15 14 18.0
15 19 17.0
15 21 19.0
16 8 23.0
16 9 21.0
16 20 16.0
17 6 17.0
17 11 23.0
17 13 15.0
17 22 23.0
17 23 11.0
18 2 3.0
18 7 20.0
18 21 24.0
19 4 22.0
19 12 19.0
19 15 17.0
19 21 11.0
20 5 18.0
20 8 9.0
20 16 16.0
21 15 19.0
21 18 24.0
21 19 11.0
22 0 18.0
22 4 17.0
22 13 8.0
22 14 24.0
22 17 23.0
23 13 19.0
23 17 11.0
