40
244
0 36.0 59.0
1 21.0 25.0
2 72.0 66.0
3 18.0 39.0
4 50.0 69.0
5 59.0 85.0
6 57.0 64.0
7 90.0 66.0
8 95.0 43.0
9 11.0 54.0
10 22.0 59.0
11 95.0 19.0
12 92.0 89.0
13 65.0 34.0
14 81.0 87.0
15 49.0 71.0
16 98.0 4.0
17 29.0 94.0
18 36.0 67.0
19 95.0 65.0
20 64.0 68.0
21 24.0 16.0
22 70.0 13.0
23 78.0 91.0
24 85.0 38.0
25 86.0 3.0
26 47.0 57.0
27 45.0 68.0
28 15.0 62.0
29 38.0 19.0
30 76.0 11.0
31 83.0 71.0
32 53.0 19.0
33 11.0 77.0
34 71.0 5.0
35 47.0 93.0
36 20.0 73.0
37 22.0 13.0
38 20.0 61.0
39 41.0 10.0
0 4 17.0
0 6 22.0
0 10 14.0
0 15 18.0
0 18 8.0
0 26 11.0
0 27 13.0
0 28 21.0
0 36 21.0
0 38 16.0
1 3 14.0
1 21 9.0
1 29 18.0
1 37 12.0
2 4 22.0
2 5 23.0
2 6 15.0
2 7 18.0
2 14 23.0
2 15 24.0
2 19 23.0
2 20 8.0
2 31 12.0
3 1 14.0
3 9 17.0
3 10 20.0
3 21 24.0
3 28 23.0
3 38 22.0
4 0 17.0
4 2 22.0
4 5 18.0
4 6 9.0
4 15 2.0
4 18 14.0
4 20 14.0
4 26 12.0
4 27 5.0
4 35 24.0
5 2 23.0
5 4 18.0
5 6 21.0
5 14 22.0
5 15 17.0
5 20 18.0
5 23 20.0
5 27 22.0
5 35 14.0
6 0 22.0
6 2 15.0
6 4 9.0
6 5 21.0
6 15 11.0
6 18 21.0
6 20 8.0
6 26 12.0
6 27 13.0
7 2 18.0
7 8 24.0
7 12 23.0
7 14 23.0
7 19 5.0
7 31 9.0
8 7 24.0
8 11 24.0
8 19 22.0
8 24 11.0
9 3 17.0
9 10 12.0
9 28 9.0
9 33 23.0
9 36 21.0
9 38 11.0
10 0 14.0
10 3 20.0
10 9 12.0
10 18 16.0
10 28 8.0
10 33 21.0
10 36 14.0
10 38 3.0
11 8 24.0
11 16 15.0
11 24 21.0
11 25 18.0
11 30 21.0
12 7 23.0
12 14 11.0
12 19 24.0
12 23 14.0
12 31 20.0
13 22 22.0
13 24 20.0
13 32 19.0
14 2 23.0
14 5 22.0
14 7 23.0
14 12 11.0
14 23 5.0
14 31 16.0
15 0 18.0
15 2 24.0
15 4 2.0
15 5 17.0
15 6 11.0
15 18 14.0
15 20 15.0
15 26 14.0
15 27 5.0
15 35 22.0
16 11 15.0
16 25 12.0
16 30 23.0
17 35 18.0
17 36 23.0
18 0 8.0
18 4 14.0
18 6 21.0
18 10 16.0
18 15 14.0
18 26 15.0
18 27 9.0
18 28 22.0
18 36 17.0
18 38 17.0
19 2 23.0
19 7 5.0
19 8 22.0
19 12 24.0
19 31 13.0
20 2 8.0
20 4 14.0
20 5 18.0
20 6 8.0
20 15 15.0
20 26 20.0
20 27 19.0
20 31 19.0
21 1 9.0
21 3 24.0
21 29 14.0
21 37 4.0
21 39 18.0
22 13 22.0
22 25 19.0
22 30 6.0
22 32 18.0
22 34 8.0
23 5 20.0
23 12 14.0
23 14 5.0
23 31 21.0
24 8 11.0
24 11 21.0
24 13 20.0
25 11 18.0
25 16 12.0
25 22 19.0
25 30 13.0
25 34 15.0
26 0 11.0
26 4 12.0
26 6 12.0
26 15 14.0
26 18 15.0
26 20 20.0
26 27 11.0
27 0 13.0
27 4 5.0
27 5 22.0
27 6 13.0
27 15 5.0
27 18 9.0
27 20 19.0
27 26 11.0
28 0 21.0
28 3 23.0
28 9 9.0
28 10 8.0
28 18 22.0
28 33 16.0
28 36 12.0
28 38 5.0
29 1 18.0
29 21 14.0
29 32 15.0
29 37 17.0
29 39 9.0
30 11 21.0
30 16 23.0
30 22 6.0
30 25 13.0
30 32 24.0
30 34 8.0
31 2 12.0
31 7 9.0
31 12 20.0
31 14 16.0
31 19 13.0
31 20 19.0
31 23 21.0
32 13 19.0
32 22 18.0
32 29 15.0
32 30 24.0
32 34 23.0
32 39 15.0
33 9 23.0
33 10 21.0
33 28 16.0
33 36 10.0
33 38 18.0
34 22 8.0
34 25 15.0
34 30 8.0
34 32 23.0
35 4 24.0
35 5 14.0
35 15 22.0
35 17 18.0
36 0 21.0
36 9 21.0
36 10 14.0
36 17 23.0
36 18 17.0
36 28 12.0
36 33 10.0
36 38 12.0
37 1 12.0
37 21 4.0
37 29 17.0
37 39 19.0
38 0 16.0
38 3 22.0
38 9 11.0
38 10 3.0
38 18 17.0
38 28 5.0
38 33 18.0
38 36 12.0
39 21 18.0
39 29 9.0
39 32 15.0
39 37 19.0
