30
18 3 99.0
10 11 42.0
3 23 93.0
18 7 92.0
5 10 72.0
11 15 82.0
27 21 22.0
29 21 99.0
17 7 68.0
11 12 62.0
6 23 52.0
2 17 93.0
6 25 29.0
9 27 22.0
23 21 7.0
25 28 74.0
8 22 63.0
19 20 81.0
5 21 47.0
7 25 76.0
0 6 16.0
20 18 65.0
20 4 83.0
21 3 73.0
12 26 63.0
24 8 30.0
28 10 7.0
26 7 11.0
18 0 52.0
1 12 89.0
1 10 18.0
19 16 1.0
19 12 86.0
0 21 94.0
15 25 51.0
23 0 89.0
22 15 85.0
21 13 94.0
4 7 40.0
14 6 54.0
9 1 2.0
3 7 53.0
1 19 43.0
8 5 92.0
8 6 94.0
14 25 64.0
6 1 42.0
8 9 64.0
29 10 11.0
4 26 82.0
13 2 13.0
19 9 89.0
11 19 61.0
27 1 54.0
16 5 79.0
13 27 92.0
25 19 44.0
13 28 35.0
