35
3 23 50.0
18 8 28.0
27 26 31.0
27 23 39.0
4 16 53.0
21 33 1.0
2 14 89.0
21 27 46.0
2 12 82.0
20 12 87.0
8 20 83.0
13 10 38.0
28 21 44.0
25 24 94.0
6 28 3.0
26 13 49.0
0 2 42.0
15 10 6.0
5 25 43.0
20 7 69.0
0 11 40.0
29 31 50.0
33 16 68.0
26 11 45.0
9 16 8.0
25 9 86.0
21 19 66.0
20 22 50.0
20 23 67.0
24 30 15.0
24 8 74.0
22 2 32.0
24 33 10.0
26 8 66.0
1 13 35.0
1 10 3.0
30 5 2.0
32 1 88.0
4 33 75.0
8 0 56.0
0 21 70.0
22 14 68.0
32 20 29.0
11 33 24.0
7 9 2.0
26 5 57.0
22 10 16.0
4 8 64.0
22 12 48.0
4 7 20.0
21 14 19.0
32 19 46.0
13 9 62.0
24 0 77.0
2 32 16.0
12 34 8.0
24 20 47.0
29 16 8.0
11 27 75.0
11 25 45.0
19 8 16.0
31 22 55.0
31 24 36.0
25 10 51.0
2 20 66.0
19 3 34.0
2 23 58.0
25 12 80.0
12 5 27.0
14 19 95.0
