45
19 36 12.0
38 41 8.0
18 31 54.0
22 32 39.0
27 6 81.0
11 14 24.0
22 38 33.0
28 36 36.0
25 20 59.0
13 18 50.0
23 28 46.0
13 14 45.0
37 19 25.0
6 28 98.0
14 36 29.0
3 13 11.0
39 15 75.0
19 26 10.0
1 44 70.0
29 36 49.0
19 29 81.0
21 24 2.0
28 44 59.0
13 41 13.0
43 16 29.0
25 32 4.0
35 32 48.0
43 17 19.0
8 39 52.0
28 16 88.0
24 30 71.0
42 23 99.0
21 16 38.0
22 0 82.0
34 33 19.0
26 7 31.0
18 2 55.0
25 34 72.0
33 3 7.0
44 32 28.0
3 0 16.0
23 8 44.0
6 7 86.0
18 16 98.0
44 34 69.0
32 1 22.0
34 16 41.0
39 27 55.0
6 8 72.0
40 26 68.0
33 8 75.0
8 0 19.0
36 5 11.0
4 38 75.0
21 10 44.0
39 25 49.0
32 9 80.0
25 43 28.0
42 27 14.0
38 21 32.0
19 18 2.0
4 39 68.0
31 26 92.0
9 5 52.0
11 28 1.0
3 42 25.0
15 1 58.0
14 0 73.0
23 41 84.0
40 31 17.0
5 4 15.0
14 23 50.0
35 42 47.0
10 9 90.0
38 16 29.0
34 22 19.0
4 20 30.0
11 7 51.0
11 6 1.0
39 35 68.0
39 44 35.0
39 43 88.0
13 6 85.0
36 40 90.0
0 39 61.0
42 41 52.0
2 20 47.0
8 15 36.0
40 43 11.0
16 13 9.0
