30
6 14 17.0
29 27 64.0
18 8 56.0
28 7 79.0
3 29 19.0
28 0 92.0
4 15 33.0
6 16 29.0
6 17 23.0
8 29 2.0
9 27 48.0
9 28 45.0
2 12 59.0
20 11 7.0
25 29 19.0
8 25 30.0
8 26 11.0
5 22 73.0
10 26 6.0
26 19 33.0
7 23 66.0
20 16 25.0
21 25 48.0
20 15 16.0
5 27 73.0
1 6 48.0
3 11 35.0
1 3 89.0
21 20 84.0
17 3 25.0
9 15 80.0
12 25 66.0
19 10 3.0
19 11 77.0
25 6 68.0
22 13 75.0
22 10 16.0
25 1 82.0
7 3 54.0
25 0 33.0
22 11 28.0
4 6 6.0
14 4 79.0
11 29 86.0
7 0 26.0
14 20 37.0
15 3 31.0
9 3 27.0
16 23 37.0
1 23 94.0
4 21 72.0
13 0 97.0
27 3 58.0
16 19 25.0
14 10 52.0
11 18 84.0
13 21 88.0
8 16 73.0
14 18 3.0
2 26 25.0
