30
18 5 58.0
27 28 87.0
18 9 99.0
27 5 42.0
7 19 14.0
29 20 3.0
3 21 26.0
12 11 38.0
8 29 30.0
2 16 97.0
25 28 7.0
6 29 90.0
8 27 22.0
19 26 12.0
19 25 75.0
25 7 88.0
22 6 60.0
22 7 18.0
21 16 86.0
26 8 70.0
3 1 34.0
3 0 12.0
3 6 76.0
19 10 13.0
23 4 29.0
18 10 72.0
0 23 92.0
19 1 86.0
22 15 47.0
26 4 36.0
22 12 79.0
0 27 60.0
21 14 5.0
16 0 85.0
25 0 40.0
14 0 64.0
16 27 4.0
20 27 63.0
14 2 6.0
16 23 64.0
16 22 85.0
29 16 47.0
1 24 16.0
4 22 48.0
10 1 51.0
13 2 11.0
13 3 1.0
11 26 73.0
11 0 71.0
27 19 22.0
22 21 26.0
22 20 8.0
11 19 6.0
11 18 65.0
19 6 85.0
27 2 88.0
14 17 51.0
12 7 74.0
25 13 37.0
24 10 93.0
