45
18 3 80.0
3 23 62.0
33 43 42.0
18 5 91.0
7 13 42.0
41 4 56.0
4 19 72.0
28 0 86.0
14 41 90.0
28 33 34.0
13 18 42.0
34 42 27.0
42 12 29.0
34 40 58.0
9 23 26.0
2 11 14.0
8 20 41.0
41 12 61.0
6 28 78.0
19 20 51.0
0 2 76.0
0 9 60.0
5 21 4.0
19 26 42.0
7 23 40.0
7 29 70.0
1 7 34.0
21 26 70.0
5 26 34.0
0 14 48.0
44 1 79.0
21 24 89.0
1 4 46.0
3 11 77.0
20 6 20.0
14 31 13.0
43 25 50.0
14 30 76.0
20 4 90.0
6 36 38.0
35 31 91.0
25 7 60.0
30 44 8.0
42 25 77.0
6 31 38.0
9 10 67.0
12 25 44.0
34 30 92.0
35 37 26.0
34 35 17.0
12 20 82.0
37 5 88.0
1 14 15.0
37 2 29.0
25 5 99.0
37 34 59.0
4 9 57.0
17 10 98.0
0 24 15.0
7 6 27.0
10 31 47.0
31 5 69.0
0 26 83.0
33 0 95.0
18 12 48.0
34 5 57.0
24 27 78.0
16 26 41.0
41 30 9.0
35 7 84.0
38 16 23.0
41 18 36.0
5 41 11.0
15 37 96.0
17 42 28.0
14 9 20.0
22 23 20.0
38 12 4.0
12 0 66.0
31 23 94.0
27 1 93.0
9 38 94.0
20 39 29.0
9 39 35.0
40 42 19.0
12 8 15.0
41 20 16.0
13 23 37.0
40 5 34.0
8 10 91.0
