25
10 14 11.0
7 15 45.0
4 19 78.0
18 11 33.0
23 13 21.0
11 15 23.0
23 11 39.0
0 22 64.0
19 18 39.0
4 13 95.0
23 14 97.0
18 12 41.0
14 3 12.0
13 15 21.0
4 3 65.0
20 13 49.0
15 4 32.0
24 4 24.0
9 3 65.0
13 12 4.0
24 20 5.0
5 4 40.0
19 23 97.0
10 21 52.0
11 3 10.0
10 8 45.0
5 22 53.0
4 23 76.0
0 16 15.0
20 18 65.0
15 6 75.0
11 21 73.0
13 3 15.0
13 7 56.0
14 8 28.0
22 8 4.0
21 5 61.0
24 18 22.0
24 12 71.0
21 18 80.0
24 11 61.0
24 14 11.0
21 17 50.0
14 16 20.0
8 15 8.0
14 17 30.0
14 13 73.0
9 19 22.0
