45
28 8 22.0
19 35 11.0
17 39 95.0
4 19 26.0
5 16 6.0
7 17 88.0
5 17 36.0
14 40 67.0
22 34 15.0
27 7 27.0
14 42 75.0
42 9 19.0
43 34 37.0
2 17 98.0
22 29 88.0
12 16 86.0
6 27 45.0
6 29 33.0
8 27 41.0
14 37 45.0
7 26 48.0
7 25 88.0
3 17 38.0
19 24 36.0
20 15 45.0
0 13 84.0
30 39 78.0
33 12 35.0
42 19 89.0
21 20 85.0
44 20 1.0
31 39 26.0
35 31 91.0
9 17 40.0
28 18 21.0
35 30 10.0
22 0 96.0
34 33 34.0
24 34 89.0
12 20 22.0
8 35 36.0
33 3 55.0
6 5 49.0
1 12 90.0
44 32 55.0
40 18 45.0
23 2 35.0
40 27 77.0
15 23 72.0
7 34 79.0
4 38 63.0
20 33 83.0
25 40 85.0
26 44 65.0
32 20 66.0
38 20 96.0
18 15 95.0
7 4 7.0
30 4 78.0
23 17 76.0
7 6 64.0
32 6 89.0
33 0 35.0
22 11 47.0
0 28 46.0
3 43 30.0
11 28 62.0
29 18 43.0
21 43 46.0
18 27 81.0
5 44 84.0
34 23 17.0
27 15 49.0
13 4 38.0
9 40 52.0
0 35 45.0
40 6 22.0
19 7 42.0
10 38 24.0
10 39 49.0
16 6 62.0
36 9 40.0
29 7 50.0
25 12 42.0
2 27 27.0
40 5 46.0
