50
38 45 26.0
26 25 91.0
28 7 35.0
18 30 3.0
43 32 2.0
4 17 81.0
11 15 66.0
30 25 95.0
49 40 13.0
28 31 85.0
49 43 7.0
20 48 71.0
22 28 84.0
28 27 20.0
23 22 84.0
9 27 7.0
6 24 47.0
42 48 40.0
47 49 30.0
48 1 34.0
46 20 27.0
45 29 84.0
35 29 65.0
46 24 52.0
46 1 1.0
26 13 48.0
26 16 45.0
39 15 39.0
49 11 90.0
15 19 54.0
27 33 51.0
19 28 62.0
17 25 7.0
37 44 10.0
26 11 4.0
17 1 54.0
44 19 80.0
24 31 38.0
2 44 89.0
34 38 98.0
16 35 59.0
32 0 99.0
5 8 69.0
25 48 86.0
49 23 17.0
1 13 37.0
38 27 51.0
1 11 14.0
37 35 99.0
5 30 30.0
15 22 35.0
40 25 52.0
23 3 60.0
11 30 2.0
27 42 4.0
11 32 2.0
27 40 70.0
25 4 71.0
32 25 69.0
25 41 70.0
10 30 79.0
24 2 71.0
24 26 68.0
13 31 27.0
3 40 33.0
16 28 1.0
15 5 94.0
5 0 88.0
16 21 41.0
2 34 23.0
14 25 64.0
35 43 62.0
41 16 28.0
1 21 31.0
48 30 76.0
1 22 97.0
41 14 15.0
37 26 82.0
30 15 14.0
15 34 62.0
7 49 65.0
39 38 77.0
39 49 73.0
27 13 49.0
39 37 29.0
39 46 83.0
39 44 48.0
39 32 22.0
0 36 11.0
20 40 45.0
12 8 58.0
8 16 45.0
46 37 55.0
25 19 39.0
29 5 65.0
13 28 53.0
25 16 13.0
30 20 60.0
