30
28 8 94.0
3 23 62.0
3 25 26.0
5 12 13.0
29 28 2.0
29 24 3.0
27 23 38.0
11 15 1.0
27 22 82.0
17 5 44.0
26 20 41.0
25 28 38.0
8 26 98.0
10 20 33.0
15 12 18.0
15 10 41.0
3 19 14.0
17 27 15.0
7 23 66.0
3 16 57.0
21 25 66.0
21 23 47.0
7 27 46.0
12 19 44.0
0 1 88.0
1 2 55.0
17 1 98.0
12 27 64.0
10 16 31.0
6 7 95.0
23 8 21.0
25 6 73.0
19 0 21.0
21 12 35.0
12 29 60.0
26 4 90.0
0 27 35.0
7 5 14.0
16 0 9.0
14 22 23.0
7 0 62.0
24 0 45.0
2 8 90.0
16 25 30.0
24 23 48.0
16 21 14.0
29 18 68.0
1 24 24.0
4 20 34.0
18 21 85.0
14 9 92.0
29 13 93.0
24 17 26.0
19 5 70.0
22 17 56.0
2 22 44.0
8 16 29.0
12 6 1.0
29 7 32.0
