40
18 34 50.0
18 7 34.0
17 37 50.0
28 0 3.0
30 25 46.0
17 32 75.0
5 18 96.0
20 10 69.0
20 12 29.0
21 29 19.0
28 20 87.0
8 22 6.0
37 13 54.0
8 23 22.0
25 24 78.0
8 26 39.0
20 2 75.0
3 13 75.0
39 16 82.0
27 33 16.0
20 16 27.0
19 28 34.0
0 14 4.0
19 29 94.0
33 14 72.0
32 30 62.0
1 2 27.0
17 21 3.0
36 22 35.0
16 38 35.0
21 4 55.0
17 0 61.0
25 9 72.0
21 9 51.0
20 24 33.0
34 31 31.0
18 2 90.0
34 38 21.0
38 25 22.0
34 10 96.0
38 29 69.0
23 3 42.0
17 13 98.0
25 5 72.0
32 20 37.0
19 1 85.0
7 37 59.0
25 4 62.0
37 34 6.0
10 33 19.0
12 29 86.0
5 38 3.0
7 30 83.0
21 13 96.0
32 3 39.0
7 6 25.0
5 36 87.0
14 21 61.0
24 28 59.0
15 2 26.0
2 32 15.0
1 18 79.0
6 0 87.0
33 17 7.0
5 1 88.0
29 18 85.0
39 4 85.0
37 29 74.0
33 34 43.0
11 22 60.0
31 15 16.0
34 9 38.0
22 19 53.0
8 19 5.0
13 20 36.0
3 38 40.0
25 18 20.0
