30
7 10 70.0
29 27 58.0
7 12 27.0
29 1 59.0
17 8 91.0
7 17 70.0
4 19 73.0
17 4 63.0
6 16 4.0
3 21 60.0
29 22 76.0
8 21 44.0
19 23 74.0
20 0 77.0
5 23 47.0
17 29 43.0
3 16 14.0
23 29 98.0
19 28 19.0
0 1 91.0
15 13 97.0
9 15 89.0
0 19 3.0
22 5 11.0
22 3 15.0
26 7 56.0
19 10 33.0
5 9 69.0
17 13 3.0
16 1 83.0
26 5 17.0
19 17 4.0
4 8 69.0
11 29 49.0
4 2 8.0
14 6 48.0
15 1 67.0
24 25 69.0
14 25 68.0
5 3 84.0
1 21 26.0
29 19 35.0
10 8 95.0
1 27 75.0
4 25 16.0
22 25 54.0
27 17 78.0
11 0 45.0
29 12 98.0
22 21 82.0
24 18 85.0
22 19 8.0
13 20 89.0
2 22 22.0
29 8 20.0
13 24 83.0
13 27 50.0
2 29 92.0
29 4 94.0
13 28 31.0
