25
18 19 97.0
5 7 59.0
4 12 46.0
19 15 55.0
18 5 23.0
23 7 28.0
23 4 1.0
7 17 70.0
22 14 75.0
21 10 89.0
22 15 4.0
5 15 71.0
24 19 65.0
17 6 8.0
22 11 27.0
7 0 24.0
6 24 97.0
15 3 49.0
5 0 22.0
16 24 52.0
24 20 95.0
8 3 3.0
8 22 15.0
23 20 37.0
13 19 78.0
10 7 25.0
7 20 32.0
4 21 16.0
0 8 31.0
3 17 91.0
4 24 29.0
10 2 11.0
22 24 68.0
14 9 15.0
13 4 60.0
3 10 16.0
20 6 82.0
0 10 1.0
17 20 42.0
21 6 98.0
11 19 76.0
24 18 5.0
24 17 4.0
22 2 7.0
21 7 56.0
16 17 48.0
8 16 20.0
14 19 10.0
14 12 94.0
18 1 88.0
