30
26 27 95.0
7 10 29.0
18 6 25.0
3 29 27.0
17 4 44.0
23 28 53.0
25 24 55.0
0 3 46.0
3 13 46.0
26 15 27.0
0 2 25.0
26 17 5.0
10 26 45.0
0 6 1.0
0 16 94.0
0 14 49.0
15 16 13.0
15 13 20.0
12 23 7.0
17 1 99.0
21 3 11.0
17 0 15.0
9 13 54.0
22 3 75.0
21 7 66.0
9 11 50.0
23 9 48.0
26 6 43.0
21 1 85.0
19 13 69.0
18 19 30.0
23 4 28.0
8 0 38.0
25 5 79.0
16 2 82.0
21 13 81.0
25 0 2.0
0 29 78.0
7 1 3.0
10 29 80.0
24 5 75.0
3 9 6.0
16 20 69.0
8 7 27.0
11 8 50.0
27 14 26.0
11 22 96.0
15 9 7.0
22 25 13.0
1 20 5.0
11 25 16.0
12 0 41.0
11 18 7.0
24 11 79.0
16 5 86.0
29 7 92.0
13 25 13.0
14 12 40.0
13 29 11.0
29 4 89.0
