25
3 1 12.0
1 10 38.0
3 5 27.0
17 18 29.0
1 14 3.0
19 12 61.0
8 0 41.0
0 21 9.0
5 17 87.0
21 10 48.0
22 16 94.0
7 19 88.0
2 3 48.0
0 24 78.0
2 19 75.0
6 23 78.0
2 17 70.0
14 20 69.0
6 21 4.0
2 12 65.0
20 11 49.0
2 11 75.0
12 16 65.0
3 9 80.0
8 4 26.0
8 23 68.0
8 6 42.0
14 24 71.0
1 21 51.0
20 3 37.0
13 19 26.0
19 23 25.0
3 12 33.0
10 8 32.0
7 23 56.0
18 20 92.0
21 23 88.0
0 1 64.0
18 23 66.0
13 6 38.0
12 24 95.0
12 22 17.0
14 11 25.0
17 0 46.0
22 4 92.0
16 8 22.0
22 0 8.0
2 24 51.0
13 24 41.0
9 19 78.0
