35
28 9 19.0
18 3 22.0
6 14 33.0
18 32 53.0
28 4 70.0
22 30 4.0
7 14 25.0
4 19 54.0
5 17 76.0
17 33 93.0
5 15 5.0
28 27 19.0
2 15 45.0
30 33 20.0
31 11 82.0
8 20 6.0
13 10 23.0
15 11 37.0
7 22 60.0
10 20 14.0
7 24 45.0
0 7 61.0
5 24 91.0
5 28 15.0
1 4 40.0
21 22 35.0
33 16 34.0
25 7 63.0
21 9 35.0
21 8 50.0
28 10 79.0
23 30 84.0
28 12 65.0
34 12 58.0
19 14 29.0
6 7 4.0
33 5 44.0
1 11 93.0
1 16 79.0
33 22 47.0
15 22 56.0
23 4 64.0
33 20 38.0
30 0 38.0
0 23 12.0
23 10 13.0
17 12 34.0
31 29 90.0
24 19 43.0
34 5 98.0
24 0 7.0
34 8 57.0
13 32 89.0
4 0 46.0
12 33 8.0
5 0 62.0
8 7 29.0
34 24 21.0
11 9 56.0
26 34 17.0
0 32 18.0
15 6 91.0
32 15 67.0
9 34 84.0
24 16 27.0
11 19 39.0
30 21 84.0
8 16 46.0
2 23 56.0
30 24 65.0
