40
29 27 82.0
18 8 25.0
27 25 59.0
11 39 93.0
28 0 84.0
17 33 82.0
27 22 63.0
29 26 10.0
17 4 59.0
6 18 9.0
13 16 35.0
12 14 1.0
12 16 86.0
36 16 64.0
28 24 68.0
6 28 28.0
20 3 51.0
38 35 25.0
26 16 40.0
38 33 97.0
19 21 43.0
3 19 3.0
0 9 27.0
0 16 84.0
0 11 15.0
33 14 45.0
15 13 32.0
29 30 95.0
14 31 87.0
23 33 98.0
6 35 45.0
31 37 44.0
12 28 20.0
12 26 98.0
24 32 87.0
8 31 76.0
34 37 8.0
24 39 50.0
32 0 56.0
19 14 10.0
34 16 54.0
7 39 60.0
22 13 67.0
32 20 87.0
0 22 14.0
21 11 18.0
31 29 12.0
4 9 66.0
15 29 65.0
22 11 39.0
24 29 67.0
9 7 5.0
24 1 18.0
20 29 10.0
14 27 65.0
33 19 68.0
2 37 19.0
33 36 79.0
35 9 59.0
38 15 44.0
10 5 11.0
15 34 45.0
15 31 90.0
26 38 45.0
11 6 89.0
37 25 9.0
0 31 86.0
37 21 9.0
22 23 97.0
0 37 72.0
32 12 31.0
15 39 79.0
27 3 18.0
24 16 27.0
19 2 58.0
20 38 11.0
2 22 32.0
8 11 76.0
33 29 67.0
3 36 32.0
