25
18 3 7.0
10 11 73.0
6 13 55.0
4 10 17.0
10 14 18.0
10 12 88.0
5 17 5.0
6 15 30.0
5 19 67.0
13 17 1.0
6 23 3.0
8 22 24.0
3 19 41.0
17 22 91.0
9 20 49.0
17 21 55.0
17 3 93.0
9 17 45.0
9 13 43.0
22 3 90.0
1 12 49.0
3 1 59.0
18 17 73.0
23 7 85.0
1 16 47.0
3 4 42.0
0 23 43.0
23 10 50.0
0 22 12.0
2 3 45.0
7 4 79.0
24 19 31.0
14 21 43.0
13 8 68.0
9 8 38.0
9 1 76.0
24 7 53.0
9 3 51.0
14 2 36.0
24 22 23.0
8 6 37.0
16 20 89.0
1 24 77.0
10 5 44.0
13 1 68.0
10 2 70.0
14 9 9.0
22 20 97.0
16 15 84.0
8 14 22.0
