45
3 24 92.0
18 5 8.0
26 25 37.0
1 35 56.0
42 2 27.0
29 28 85.0
22 30 32.0
5 16 40.0
27 22 99.0
5 15 84.0
41 0 34.0
32 43 67.0
6 16 46.0
32 42 78.0
8 28 96.0
2 16 41.0
42 10 50.0
23 28 63.0
31 13 64.0
35 22 65.0
39 16 95.0
0 7 86.0
44 26 27.0
42 15 59.0
44 0 10.0
22 43 97.0
17 25 27.0
43 26 53.0
17 3 15.0
36 21 91.0
9 17 27.0
17 2 6.0
20 21 43.0
21 9 32.0
21 8 7.0
8 31 69.0
24 35 53.0
24 36 65.0
36 25 71.0
2 44 64.0
40 19 96.0
33 2 57.0
38 28 92.0
3 0 45.0
32 1 77.0
33 7 31.0
15 20 72.0
37 36 57.0
44 37 3.0
33 21 76.0
1 15 40.0
20 34 51.0
7 8 37.0
4 35 31.0
16 3 17.0
9 0 34.0
31 29 57.0
19 18 25.0
32 18 44.0
13 9 88.0
14 20 46.0
3 40 12.0
20 28 8.0
34 3 93.0
13 35 22.0
41 33 59.0
13 39 37.0
6 2 6.0
13 38 82.0
5 43 32.0
39 6 99.0
10 40 63.0
37 29 23.0
30 15 76.0
4 22 33.0
1 28 77.0
10 1 32.0
15 8 81.0
13 4 13.0
20 41 91.0
13 6 47.0
11 25 56.0
16 18 19.0
19 4 98.0
16 15 67.0
20 37 96.0
3 38 24.0
35 14 22.0
37 9 35.0
25 19 33.0
