25
7 19 32.0
23 19 23.0
11 16 33.0
3 20 80.0
4 13 46.0
23 24 59.0
23 22 76.0
8 22 5.0
8 23 81.0
3 18 10.0
1 7 82.0
0 14 97.0
3 10 79.0
20 6 27.0
21 4 30.0
20 21 50.0
21 19 42.0
24 8 95.0
23 9 46.0
10 19 2.0
10 18 28.0
5 8 23.0
6 5 70.0
5 7 79.0
3 0 4.0
19 16 57.0
15 22 26.0
7 8 13.0
18 14 56.0
23 14 16.0
4 5 31.0
9 6 38.0
14 3 78.0
24 0 73.0
13 8 44.0
9 1 71.0
9 3 71.0
2 8 82.0
11 4 24.0
1 23 10.0
10 8 54.0
11 9 26.0
11 8 88.0
15 8 94.0
15 6 12.0
14 7 73.0
16 7 32.0
2 21 42.0
16 10 44.0
14 13 76.0
