30
6 13 11.0
7 15 50.0
10 13 20.0
28 0 97.0
27 21 77.0
17 5 48.0
3 22 94.0
6 18 76.0
23 24 56.0
12 15 73.0
23 27 39.0
6 20 70.0
28 20 11.0
9 29 68.0
8 24 72.0
25 26 29.0
26 13 19.0
20 1 52.0
7 20 97.0
3 19 96.0
15 17 60.0
7 27 71.0
0 12 73.0
22 8 79.0
12 22 52.0
21 4 80.0
21 3 87.0
22 7 90.0
0 17 36.0
26 8 2.0
5 8 92.0
1 13 38.0
17 11 61.0
22 16 25.0
25 0 53.0
21 15 16.0
14 4 60.0
9 5 62.0
24 29 78.0
14 6 77.0
24 1 77.0
24 25 38.0
24 21 79.0
5 4 98.0
8 7 76.0
11 5 94.0
1 22 31.0
1 23 3.0
18 29 86.0
27 10 26.0
10 6 74.0
11 6 19.0
4 24 17.0
15 6 16.0
11 26 87.0
27 19 29.0
27 4 49.0
2 25 53.0
12 2 79.0
14 15 75.0
