25
5 7 43.0
1 13 92.0
17 19 62.0
1 16 62.0
23 4 10.0
8 0 11.0
18 11 60.0
17 13 50.0
22 13 60.0
2 6 62.0
22 10 19.0
4 9 26.0
19 18 81.0
7 3 63.0
7 6 59.0
6 18 25.0
2 18 67.0
23 22 48.0
9 23 42.0
24 22 35.0
15 5 79.0
8 4 13.0
3 8 11.0
5 3 28.0
6 1 63.0
15 11 57.0
19 23 32.0
10 7 2.0
3 13 78.0
3 19 38.0
0 15 92.0
15 17 29.0
21 24 47.0
0 12 43.0
21 5 24.0
19 7 64.0
22 4 42.0
20 22 37.0
0 19 92.0
24 11 20.0
9 13 45.0
21 17 1.0
21 8 33.0
22 18 11.0
9 11 1.0
21 16 52.0
16 10 46.0
2 23 14.0
14 18 89.0
8 14 97.0
