40
26 27 18.0
1 30 74.0
21 35 30.0
28 3 11.0
27 21 20.0
21 37 98.0
29 21 18.0
6 17 64.0
28 36 36.0
12 10 28.0
21 28 18.0
23 25 75.0
8 26 34.0
20 3 29.0
38 34 70.0
38 32 3.0
26 16 9.0
26 17 96.0
17 22 85.0
32 34 96.0
17 24 52.0
19 28 74.0
7 27 6.0
17 25 37.0
38 37 39.0
23 33 13.0
22 9 60.0
28 18 71.0
25 31 44.0
8 39 24.0
20 24 88.0
23 9 64.0
21 1 94.0
26 9 10.0
3 1 14.0
7 38 89.0
6 8 1.0
22 14 58.0
26 1 4.0
11 32 91.0
2 6 14.0
10 36 88.0
17 14 93.0
10 35 54.0
36 3 26.0
39 25 26.0
25 4 24.0
37 34 58.0
36 2 71.0
20 32 75.0
7 5 89.0
34 5 30.0
11 28 18.0
31 34 45.0
16 28 94.0
13 31 31.0
24 4 40.0
24 5 99.0
3 9 25.0
10 9 14.0
38 16 72.0
26 36 8.0
27 12 21.0
15 31 8.0
18 22 67.0
11 26 26.0
11 24 87.0
12 0 99.0
31 22 32.0
3 30 54.0
9 32 20.0
9 33 39.0
31 21 37.0
13 20 6.0
30 22 77.0
14 19 81.0
13 26 25.0
8 10 18.0
