35
4 11 15.0
29 27 79.0
27 24 68.0
29 25 29.0
30 25 13.0
4 15 29.0
11 10 14.0
3 21 57.0
30 31 24.0
31 14 23.0
0 5 46.0
26 13 95.0
20 2 40.0
7 20 31.0
19 20 72.0
10 22 24.0
3 17 9.0
3 16 9.0
0 16 42.0
19 28 60.0
20 18 31.0
17 25 11.0
0 12 60.0
26 12 5.0
26 11 5.0
33 16 15.0
21 6 95.0
28 18 7.0
0 19 62.0
12 27 59.0
34 30 90.0
8 31 55.0
18 0 15.0
34 12 57.0
3 2 53.0
6 5 15.0
1 11 30.0
33 24 70.0
34 16 30.0
15 21 21.0
23 1 76.0
5 9 24.0
20 34 57.0
22 13 45.0
31 9 87.0
32 20 70.0
17 12 66.0
17 10 88.0
2 1 39.0
31 5 8.0
13 8 39.0
2 9 39.0
8 6 80.0
11 5 69.0
18 27 49.0
27 14 48.0
10 2 30.0
33 30 55.0
32 12 63.0
13 6 19.0
3 32 93.0
16 9 28.0
25 10 59.0
2 21 34.0
16 10 21.0
12 7 47.0
2 24 14.0
2 25 71.0
2 27 61.0
29 3 73.0
