40
1 36 9.0
19 34 37.0
1 34 31.0
7 14 74.0
3 29 99.0
21 36 7.0
28 2 93.0
23 19 72.0
28 33 45.0
26 21 95.0
5 19 70.0
12 13 61.0
30 32 65.0
21 29 27.0
8 20 41.0
9 29 40.0
8 27 38.0
37 17 50.0
26 14 12.0
10 20 47.0
5 22 4.0
33 10 78.0
32 34 5.0
15 18 22.0
7 27 70.0
3 10 84.0
0 11 45.0
39 13 32.0
38 37 56.0
23 33 67.0
36 22 17.0
25 7 60.0
35 30 69.0
9 13 52.0
8 34 10.0
28 11 14.0
6 37 41.0
38 26 46.0
5 7 85.0
10 35 69.0
0 25 42.0
25 2 17.0
19 18 99.0
10 32 3.0
24 19 21.0
4 39 6.0
12 39 77.0
38 1 64.0
24 25 44.0
10 29 42.0
12 32 36.0
24 7 7.0
2 32 28.0
36 32 39.0
16 21 22.0
1 19 74.0
3 8 89.0
39 3 89.0
6 1 44.0
11 5 59.0
15 30 35.0
29 16 33.0
34 24 48.0
37 26 78.0
26 36 98.0
10 5 59.0
30 17 8.0
15 36 83.0
11 26 77.0
11 27 14.0
19 9 75.0
11 18 30.0
31 20 47.0
31 21 1.0
35 14 74.0
2 23 81.0
2 27 97.0
8 10 82.0
