45
26 25 22.0
28 39 34.0
33 42 56.0
10 12 2.0
29 1 95.0
43 33 12.0
30 25 8.0
28 2 56.0
3 20 84.0
21 30 28.0
17 6 34.0
26 20 84.0
36 11 92.0
37 11 90.0
20 11 81.0
16 42 35.0
36 19 90.0
18 41 58.0
8 40 37.0
44 4 78.0
4 43 80.0
32 35 28.0
44 27 35.0
42 15 82.0
20 17 53.0
0 11 22.0
38 36 27.0
22 9 50.0
16 38 84.0
0 19 9.0
28 19 59.0
9 10 17.0
28 13 80.0
37 39 44.0
23 5 83.0
33 25 11.0
32 1 27.0
12 9 71.0
37 38 16.0
10 37 5.0
10 36 8.0
31 6 35.0
18 14 17.0
30 2 29.0
20 31 15.0
26 2 49.0
27 43 65.0
38 23 99.0
14 21 4.0
24 2 69.0
4 5 30.0
3 9 49.0
13 35 8.0
16 24 14.0
35 1 89.0
13 34 1.0
41 33 51.0
6 2 66.0
34 22 66.0
38 15 90.0
11 3 10.0
44 43 23.0
33 37 22.0
15 34 69.0
11 7 44.0
17 40 55.0
29 10 66.0
13 1 92.0
10 0 78.0
44 40 63.0
43 41 77.0
7 41 93.0
9 40 85.0
15 39 73.0
11 24 61.0
1 20 39.0
12 0 35.0
24 15 86.0
36 8 98.0
16 6 30.0
25 15 29.0
29 9 30.0
12 41 31.0
30 23 62.0
21 38 48.0
40 5 54.0
8 10 9.0
