40
1 38 72.0
18 6 25.0
29 23 85.0
30 27 32.0
4 17 45.0
9 30 88.0
29 26 26.0
21 30 51.0
22 37 12.0
2 18 82.0
8 29 92.0
2 16 84.0
9 27 56.0
32 38 76.0
20 11 49.0
8 21 44.0
8 27 30.0
10 21 21.0
10 22 85.0
3 19 61.0
10 23 73.0
0 7 41.0
20 16 23.0
39 12 11.0
14 31 57.0
17 3 33.0
16 37 83.0
24 8 53.0
12 20 55.0
28 11 2.0
38 26 10.0
30 7 51.0
33 24 25.0
7 38 34.0
39 26 85.0
15 21 91.0
6 8 44.0
1 17 5.0
33 20 35.0
15 25 23.0
11 33 8.0
4 36 72.0
31 8 4.0
7 9 18.0
2 3 72.0
31 28 21.0
18 12 19.0
31 35 21.0
38 4 82.0
32 16 28.0
24 27 56.0
16 27 7.0
20 29 4.0
35 4 36.0
35 5 10.0
13 37 5.0
30 19 90.0
39 5 60.0
39 6 40.0
22 27 79.0
22 26 62.0
31 19 6.0
27 15 4.0
27 17 70.0
32 15 75.0
3 30 8.0
9 35 6.0
16 9 79.0
19 2 28.0
8 17 50.0
24 13 13.0
8 18 26.0
30 24 90.0
29 5 18.0
2 26 5.0
25 18 78.0
2 27 55.0
3 36 42.0
14 15 87.0
3 37 14.0
