40
5 12 14.0
18 8 34.0
29 28 87.0
18 30 63.0
6 10 82.0
27 24 53.0
27 9 16.0
17 5 12.0
28 36 52.0
11 12 10.0
13 16 63.0
35 27 57.0
6 27 30.0
35 22 12.0
3 15 42.0
19 22 98.0
14 35 71.0
17 26 99.0
38 31 46.0
3 17 69.0
5 27 10.0
21 23 40.0
21 24 73.0
1 3 5.0
38 37 76.0
9 16 8.0
21 9 25.0
24 9 99.0
24 32 99.0
8 32 51.0
25 35 50.0
18 16 82.0
39 26 64.0
19 10 28.0
15 24 12.0
20 34 46.0
32 7 42.0
11 32 86.0
2 5 99.0
32 20 71.0
31 8 5.0
7 9 44.0
31 28 96.0
23 17 44.0
21 14 85.0
30 2 52.0
26 2 79.0
12 37 4.0
24 29 67.0
16 27 85.0
30 12 82.0
12 31 48.0
1 18 91.0
8 9 5.0
29 19 77.0
34 23 65.0
27 11 26.0
30 14 18.0
22 27 63.0
31 19 58.0
26 31 27.0
0 32 98.0
37 21 94.0
31 16 55.0
11 1 37.0
22 23 59.0
18 23 83.0
13 5 96.0
13 6 44.0
0 36 28.0
13 7 25.0
11 25 74.0
19 3 46.0
22 18 27.0
2 24 52.0
16 12 90.0
13 27 87.0
29 5 49.0
35 17 71.0
2 27 66.0
