30
27 25 66.0
4 19 59.0
7 18 97.0
5 19 55.0
17 7 52.0
12 11 34.0
2 17 2.0
28 29 41.0
2 13 20.0
12 16 54.0
25 24 84.0
6 26 67.0
0 3 71.0
20 0 30.0
17 26 18.0
21 25 2.0
17 24 72.0
1 5 85.0
20 19 65.0
0 10 36.0
22 9 39.0
9 14 56.0
9 15 91.0
21 19 35.0
12 26 35.0
22 2 73.0
20 25 28.0
9 11 89.0
19 16 80.0
23 2 55.0
15 20 69.0
1 16 52.0
25 6 46.0
19 0 30.0
17 12 86.0
21 12 97.0
2 3 19.0
21 13 61.0
15 29 33.0
18 14 15.0
0 24 69.0
18 12 77.0
3 8 15.0
18 28 49.0
1 21 3.0
10 5 73.0
27 14 36.0
4 24 68.0
29 11 49.0
10 2 72.0
15 7 36.0
13 5 85.0
11 27 9.0
19 7 19.0
27 2 46.0
16 15 19.0
16 6 66.0
16 11 58.0
8 11 22.0
25 17 25.0
