50
6 13 87.0
18 33 42.0
28 33 28.0
14 44 84.0
28 35 81.0
20 10 3.0
36 10 93.0
23 27 94.0
47 2 91.0
36 16 48.0
47 43 97.0
24 47 46.0
25 27 9.0
36 18 73.0
23 20 21.0
43 3 14.0
20 7 87.0
20 19 79.0
31 39 81.0
22 6 93.0
24 30 7.0
20 25 2.0
25 39 47.0
29 43 86.0
38 27 95.0
39 27 78.0
29 48 81.0
25 3 94.0
19 1 97.0
26 40 55.0
32 3 51.0
27 43 15.0
25 0 76.0
9 1 89.0
2 8 51.0
45 42 46.0
3 9 70.0
8 4 1.0
2 38 24.0
13 20 17.0
3 38 60.0
19 46 4.0
19 34 71.0
22 30 26.0
38 41 10.0
8 30 54.0
32 43 1.0
46 29 90.0
8 41 31.0
5 26 13.0
22 44 20.0
17 25 67.0
3 10 98.0
15 13 61.0
47 11 15.0
42 24 41.0
44 17 30.0
12 26 52.0
8 32 96.0
47 13 97.0
34 39 75.0
17 19 82.0
40 16 48.0
17 15 25.0
33 21 19.0
17 11 70.0
4 35 54.0
0 23 83.0
10 34 57.0
22 10 37.0
26 4 47.0
7 31 63.0
11 37 40.0
4 39 98.0
20 32 5.0
7 33 11.0
24 3 34.0
0 29 33.0
46 42 14.0
42 35 86.0
6 42 41.0
24 25 85.0
33 32 98.0
27 13 35.0
10 48 26.0
20 42 23.0
5 48 15.0
9 40 52.0
22 20 3.0
18 25 70.0
7 42 5.0
22 19 41.0
40 42 50.0
35 14 59.0
12 4 87.0
47 9 91.0
12 2 79.0
