25
7 11 82.0
18 5 24.0
18 7 86.0
10 15 14.0
5 16 99.0
17 9 81.0
4 17 16.0
3 21 34.0
5 19 95.0
13 17 95.0
20 13 84.0
2 10 91.0
8 23 49.0
20 3 40.0
3 13 64.0
0 8 12.0
10 24 53.0
1 8 33.0
0 16 43.0
1 5 29.0
20 19 32.0
20 6 11.0
22 4 86.0
20 24 33.0
0 18 40.0
21 7 86.0
18 19 18.0
3 1 71.0
6 8 11.0
3 4 57.0
16 1 77.0
0 20 33.0
9 0 16.0
21 10 97.0
22 15 7.0
0 22 82.0
24 0 46.0
14 20 66.0
9 1 42.0
6 3 46.0
11 3 99.0
10 8 60.0
13 0 34.0
15 8 14.0
11 23 67.0
11 0 73.0
14 10 75.0
24 17 58.0
2 21 84.0
14 15 81.0
