30
27 28 87.0
26 28 40.0
27 6 25.0
28 0 63.0
4 17 35.0
11 12 57.0
22 28 37.0
6 24 48.0
9 23 81.0
12 17 80.0
8 21 4.0
7 22 28.0
3 14 36.0
19 20 28.0
10 23 73.0
7 25 1.0
0 6 50.0
0 16 33.0
26 10 65.0
1 3 11.0
28 18 80.0
22 5 38.0
1 9 32.0
10 17 8.0
10 18 75.0
28 13 82.0
9 18 67.0
19 14 81.0
1 14 93.0
1 15 12.0
17 14 87.0
22 16 6.0
23 11 13.0
18 15 11.0
22 11 40.0
9 6 49.0
4 3 7.0
4 1 61.0
24 22 38.0
24 5 58.0
8 5 83.0
14 23 53.0
5 2 34.0
13 19 42.0
1 23 2.0
10 1 59.0
13 0 65.0
13 1 49.0
18 21 73.0
18 24 31.0
29 15 1.0
16 18 78.0
19 7 9.0
29 9 32.0
12 7 69.0
12 4 90.0
8 11 10.0
25 19 87.0
