35
28 8 3.0
18 4 83.0
19 33 74.0
26 25 76.0
7 11 1.0
29 0 92.0
10 14 75.0
7 12 11.0
3 29 30.0
1 30 82.0
3 22 99.0
17 30 27.0
21 33 11.0
28 26 28.0
20 10 52.0
23 22 42.0
20 12 96.0
13 10 23.0
8 24 36.0
0 5 58.0
20 1 35.0
26 15 26.0
3 19 90.0
26 17 26.0
26 19 33.0
20 16 64.0
19 29 32.0
20 5 44.0
14 30 22.0
17 3 21.0
17 1 34.0
0 19 57.0
24 32 15.0
34 32 46.0
16 32 3.0
6 5 83.0
31 3 80.0
1 10 61.0
30 5 81.0
11 31 11.0
17 14 82.0
22 15 65.0
7 9 89.0
18 15 19.0
7 4 19.0
20 30 72.0
26 5 33.0
10 33 53.0
13 30 35.0
20 29 37.0
3 9 15.0
30 10 6.0
33 32 42.0
15 34 64.0
34 27 6.0
14 9 35.0
27 19 58.0
11 25 48.0
24 15 29.0
14 11 63.0
19 4 59.0
24 11 70.0
16 10 55.0
34 18 53.0
29 8 98.0
12 4 36.0
29 5 46.0
12 1 53.0
