45
33 42 75.0
17 39 62.0
18 31 31.0
41 3 81.0
28 2 98.0
32 44 76.0
4 13 94.0
43 35 5.0
5 19 68.0
35 20 80.0
23 28 57.0
41 12 85.0
5 20 13.0
1 43 21.0
1 44 95.0
5 22 38.0
17 29 35.0
44 27 33.0
27 32 78.0
42 18 9.0
1 40 28.0
28 41 8.0
43 5 81.0
7 28 38.0
42 16 95.0
43 7 91.0
29 30 31.0
14 31 31.0
41 36 40.0
28 44 36.0
44 19 89.0
44 17 33.0
22 1 79.0
36 25 87.0
24 37 22.0
6 38 48.0
1 12 44.0
33 27 27.0
30 6 25.0
5 30 86.0
3 6 57.0
33 22 28.0
33 21 28.0
3 4 5.0
33 8 45.0
27 42 47.0
7 8 17.0
16 1 86.0
20 34 80.0
22 10 95.0
11 35 64.0
33 1 45.0
25 0 38.0
3 43 43.0
7 1 69.0
13 32 41.0
36 30 25.0
2 8 77.0
35 0 24.0
13 36 47.0
23 42 9.0
1 19 14.0
39 2 61.0
6 2 63.0
15 30 91.0
34 23 30.0
38 14 16.0
30 14 22.0
26 38 97.0
30 17 34.0
34 28 96.0
11 6 19.0
18 20 17.0
27 17 61.0
10 43 16.0
42 38 95.0
11 25 5.0
27 4 23.0
14 10 57.0
14 11 91.0
43 38 72.0
9 37 78.0
12 40 81.0
16 13 47.0
25 12 76.0
2 25 80.0
3 34 85.0
