50
14 48 39.0
6 13 90.0
7 13 35.0
18 8 9.0
17 4 42.0
28 34 1.0
28 33 98.0
20 14 35.0
21 27 83.0
48 0 20.0
44 6 65.0
14 37 5.0
39 17 35.0
18 47 38.0
39 15 49.0
10 25 15.0
14 38 26.0
4 43 74.0
39 10 5.0
27 33 33.0
39 12 36.0
31 38 55.0
13 46 6.0
5 8 83.0
21 14 87.0
9 7 95.0
23 48 19.0
13 8 59.0
45 42 15.0
30 12 9.0
8 2 5.0
2 35 48.0
44 28 20.0
8 7 74.0
11 5 59.0
13 19 45.0
49 32 34.0
34 22 52.0
26 30 82.0
47 37 66.0
3 38 2.0
38 43 45.0
33 43 63.0
33 49 87.0
29 0 17.0
8 30 48.0
11 15 95.0
5 15 11.0
44 10 77.0
38 47 66.0
44 11 75.0
12 11 43.0
2 17 33.0
28 27 34.0
48 29 64.0
35 20 32.0
13 15 51.0
48 25 53.0
32 38 7.0
34 46 74.0
8 21 3.0
28 24 33.0
46 28 46.0
0 3 47.0
45 28 2.0
17 27 1.0
17 22 96.0
45 20 98.0
29 32 70.0
38 39 23.0
1 2 72.0
28 18 4.0
6 31 87.0
21 9 63.0
34 31 62.0
46 16 85.0
34 38 22.0
45 17 55.0
40 15 44.0
15 20 31.0
45 10 58.0
16 3 95.0
22 10 9.0
32 24 1.0
11 37 47.0
4 39 83.0
6 41 47.0
10 27 25.0
40 33 2.0
14 27 43.0
40 21 19.0
33 17 16.0
10 7 5.0
11 23 43.0
10 41 97.0
24 15 66.0
12 48 64.0
29 9 1.0
12 42 6.0
8 12 52.0
