45
26 27 16.0
42 3 82.0
18 7 42.0
28 6 9.0
42 0 2.0
5 15 80.0
6 16 66.0
20 10 69.0
9 27 50.0
24 43 12.0
37 13 88.0
19 30 94.0
36 14 6.0
0 3 70.0
19 25 60.0
39 19 43.0
42 18 60.0
17 24 92.0
3 11 14.0
43 7 48.0
29 31 91.0
36 22 39.0
23 32 75.0
2 41 8.0
31 38 18.0
25 30 76.0
43 19 13.0
2 43 11.0
16 39 22.0
28 16 83.0
6 33 66.0
0 17 99.0
34 31 77.0
21 7 11.0
24 9 74.0
28 10 15.0
34 32 20.0
36 27 30.0
19 13 37.0
4 30 2.0
38 27 69.0
33 7 1.0
23 4 26.0
11 31 62.0
36 5 70.0
15 24 33.0
30 0 7.0
11 33 14.0
2 4 14.0
19 0 47.0
31 7 36.0
32 4 83.0
23 16 34.0
7 3 70.0
21 14 29.0
33 1 97.0
22 11 93.0
14 22 50.0
24 3 22.0
31 36 17.0
24 0 3.0
2 8 86.0
42 31 6.0
13 33 7.0
14 26 72.0
5 43 97.0
37 24 88.0
1 28 75.0
5 42 19.0
29 10 80.0
26 31 74.0
17 41 56.0
32 11 5.0
39 34 79.0
15 7 72.0
39 32 68.0
42 39 46.0
22 23 82.0
11 27 52.0
38 11 24.0
11 25 79.0
24 16 43.0
19 8 77.0
11 17 34.0
27 2 47.0
40 8 19.0
2 21 16.0
31 21 44.0
2 26 13.0
8 12 67.0
