40
1 35 43.0
17 37 46.0
22 30 48.0
18 30 50.0
26 28 5.0
19 38 24.0
28 30 31.0
9 31 44.0
30 25 93.0
5 14 17.0
29 25 18.0
28 32 90.0
6 15 6.0
27 9 97.0
29 21 2.0
31 13 21.0
2 14 52.0
13 10 88.0
25 24 17.0
37 19 12.0
28 23 76.0
25 26 6.0
6 28 50.0
1 0 4.0
38 34 63.0
15 12 58.0
14 35 40.0
7 24 15.0
29 36 62.0
30 37 26.0
20 18 16.0
1 4 44.0
27 30 83.0
14 30 82.0
20 4 4.0
34 36 81.0
18 0 1.0
26 8 88.0
3 2 52.0
33 2 42.0
30 7 92.0
38 27 85.0
33 23 18.0
17 18 34.0
33 22 68.0
32 21 93.0
15 26 95.0
33 1 51.0
10 31 83.0
15 1 36.0
32 17 63.0
9 1 97.0
6 0 60.0
13 39 10.0
5 1 7.0
33 36 52.0
13 19 4.0
34 22 39.0
18 27 67.0
39 5 62.0
10 7 2.0
39 8 63.0
33 31 84.0
4 21 63.0
4 22 73.0
26 32 26.0
27 15 58.0
11 20 76.0
29 14 23.0
11 27 94.0
27 3 90.0
10 39 1.0
12 8 67.0
34 19 72.0
2 23 67.0
13 25 21.0
2 24 54.0
14 19 47.0
