30
18 7 56.0
17 8 40.0
27 6 45.0
27 23 9.0
5 15 9.0
17 5 66.0
11 10 23.0
29 21 42.0
26 20 56.0
8 28 49.0
25 22 99.0
9 27 4.0
13 11 91.0
28 20 62.0
8 24 66.0
23 20 3.0
6 28 49.0
3 14 32.0
26 16 74.0
7 25 40.0
23 29 94.0
9 20 10.0
21 25 34.0
12 18 74.0
21 24 95.0
9 17 54.0
22 5 73.0
12 25 45.0
10 17 39.0
18 0 40.0
19 13 73.0
23 12 49.0
16 3 9.0
21 10 12.0
23 11 5.0
21 15 67.0
22 11 82.0
23 15 56.0
11 29 82.0
24 27 98.0
9 1 35.0
10 29 49.0
16 28 3.0
24 23 83.0
8 5 76.0
3 8 5.0
11 5 54.0
11 3 68.0
10 7 1.0
11 9 59.0
22 26 31.0
15 6 30.0
27 17 93.0
18 21 45.0
24 11 26.0
25 10 88.0
16 15 42.0
12 7 85.0
25 18 75.0
8 10 30.0
