35
18 4 9.0
3 27 76.0
27 26 26.0
27 24 57.0
28 31 7.0
3 20 31.0
26 23 82.0
17 31 65.0
26 21 72.0
5 18 55.0
6 18 81.0
20 10 25.0
30 32 52.0
2 10 50.0
8 27 66.0
20 2 48.0
19 20 89.0
3 19 18.0
26 17 52.0
5 24 64.0
17 22 84.0
20 8 9.0
20 17 28.0
20 6 71.0
1 2 27.0
9 10 43.0
18 2 76.0
26 9 58.0
33 27 25.0
1 13 28.0
33 2 32.0
23 7 63.0
3 6 4.0
33 9 89.0
15 24 20.0
16 1 42.0
0 23 19.0
23 11 84.0
32 9 79.0
22 15 19.0
23 16 5.0
2 3 32.0
24 19 73.0
30 1 71.0
16 0 38.0
7 33 40.0
9 5 34.0
15 0 39.0
34 8 54.0
34 1 84.0
9 1 2.0
12 32 90.0
24 23 26.0
3 9 9.0
5 0 46.0
3 8 92.0
8 7 39.0
34 21 10.0
30 18 35.0
11 6 20.0
29 10 33.0
27 14 31.0
11 22 1.0
15 6 98.0
11 25 32.0
19 6 73.0
16 14 33.0
8 16 93.0
