50
10 15 4.0
17 9 62.0
43 31 53.0
14 44 14.0
28 36 80.0
23 28 45.0
46 1 62.0
44 7 14.0
44 8 98.0
49 11 48.0
1 40 1.0
28 41 80.0
41 46 63.0
13 43 21.0
24 8 17.0
0 47 87.0
32 0 82.0
33 5 33.0
33 4 89.0
39 26 34.0
1 17 94.0
39 23 39.0
31 7 18.0
9 5 69.0
23 49 14.0
38 1 82.0
15 1 63.0
3 40 42.0
3 7 23.0
35 2 69.0
34 0 98.0
30 11 30.0
47 20 39.0
29 40 47.0
1 23 34.0
38 15 51.0
34 23 95.0
34 24 4.0
39 49 9.0
39 45 70.0
38 10 95.0
13 7 46.0
19 9 83.0
47 36 91.0
25 14 19.0
37 9 37.0
40 0 39.0
36 49 26.0
38 43 27.0
40 48 32.0
19 35 62.0
29 28 43.0
32 48 34.0
11 16 42.0
3 22 52.0
49 43 45.0
31 14 20.0
13 11 44.0
30 32 57.0
8 23 43.0
8 26 27.0
37 49 11.0
45 21 67.0
15 19 76.0
32 35 59.0
42 18 40.0
19 28 97.0
22 43 27.0
45 20 18.0
38 37 80.0
16 38 29.0
6 32 48.0
12 27 32.0
32 29 82.0
0 18 52.0
16 33 82.0
19 13 94.0
40 18 82.0
45 12 14.0
22 14 32.0
17 14 9.0
4 39 62.0
24 3 73.0
14 0 81.0
14 27 30.0
33 17 93.0
27 10 4.0
15 37 5.0
11 22 38.0
4 25 97.0
11 23 85.0
22 24 91.0
49 3 35.0
7 46 91.0
32 14 24.0
12 0 54.0
31 22 93.0
42 45 85.0
40 10 53.0
12 41 32.0
