45
33 44 85.0
7 13 70.0
42 2 76.0
19 37 11.0
6 10 28.0
21 34 91.0
21 36 94.0
22 35 17.0
5 18 34.0
29 21 85.0
9 25 30.0
22 28 13.0
24 42 27.0
21 28 85.0
31 11 46.0
28 20 97.0
3 14 69.0
10 20 68.0
27 37 22.0
0 6 98.0
44 27 8.0
15 18 11.0
29 32 25.0
14 33 55.0
38 36 59.0
43 25 56.0
25 8 76.0
17 3 35.0
20 21 97.0
21 18 13.0
12 27 28.0
42 22 88.0
21 7 97.0
8 33 83.0
22 0 91.0
24 36 37.0
25 37 76.0
25 34 17.0
41 26 59.0
38 28 64.0
33 4 24.0
30 5 3.0
3 5 66.0
44 37 82.0
19 12 57.0
36 6 76.0
31 29 97.0
10 32 1.0
24 3 87.0
38 3 19.0
24 0 32.0
13 8 24.0
2 31 38.0
16 27 51.0
16 28 40.0
4 1 46.0
3 40 54.0
20 27 28.0
2 8 66.0
43 11 61.0
14 29 32.0
40 33 51.0
2 35 5.0
36 34 54.0
13 35 90.0
5 1 76.0
6 2 57.0
2 38 71.0
29 18 30.0
39 5 80.0
26 36 96.0
30 15 74.0
40 35 22.0
40 38 84.0
15 32 9.0
29 11 67.0
15 35 63.0
32 11 58.0
20 44 93.0
9 41 8.0
15 39 95.0
43 44 27.0
24 11 9.0
12 43 4.0
35 11 50.0
12 5 61.0
35 17 44.0
40 5 98.0
41 22 70.0
