40
1 38 50.0
3 24 31.0
4 12 58.0
1 35 68.0
30 27 7.0
21 35 54.0
4 18 63.0
17 4 2.0
21 33 74.0
25 20 91.0
23 28 51.0
2 10 42.0
28 20 86.0
35 29 76.0
25 24 69.0
36 13 8.0
37 17 65.0
7 21 9.0
26 16 37.0
39 16 21.0
38 31 82.0
23 29 59.0
7 29 19.0
20 18 73.0
17 24 22.0
1 6 3.0
15 17 72.0
29 33 50.0
38 36 89.0
29 31 62.0
16 37 90.0
20 21 73.0
23 37 49.0
6 31 16.0
23 39 14.0
32 29 17.0
22 2 9.0
18 0 94.0
32 0 73.0
33 24 48.0
23 7 47.0
37 4 56.0
11 32 70.0
20 33 41.0
7 35 14.0
32 21 50.0
19 1 90.0
21 10 86.0
20 35 44.0
0 22 37.0
11 34 58.0
4 36 40.0
18 15 11.0
38 21 39.0
26 3 76.0
10 30 18.0
38 4 84.0
0 28 6.0
14 4 71.0
24 29 8.0
14 22 64.0
32 17 94.0
36 31 16.0
24 4 64.0
2 30 20.0
5 0 29.0
3 8 29.0
39 4 97.0
1 21 79.0
10 9 39.0
1 25 50.0
4 22 14.0
11 7 34.0
26 37 42.0
15 35 71.0
0 38 4.0
31 15 67.0
13 6 85.0
3 34 75.0
13 29 73.0
