35
19 32 87.0
10 14 39.0
29 0 25.0
18 30 84.0
5 14 31.0
28 3 41.0
23 19 27.0
21 32 76.0
23 21 89.0
8 20 38.0
7 21 74.0
26 13 20.0
5 21 21.0
26 17 51.0
19 27 41.0
0 16 79.0
20 16 77.0
5 27 21.0
29 34 74.0
19 28 2.0
15 18 16.0
0 1 84.0
20 19 92.0
22 8 99.0
12 23 66.0
25 31 90.0
0 17 39.0
32 29 47.0
24 32 1.0
34 32 21.0
8 32 53.0
28 12 3.0
33 26 88.0
17 15 46.0
4 31 70.0
17 16 91.0
2 7 19.0
7 8 49.0
18 10 96.0
15 28 66.0
23 14 70.0
0 27 32.0
10 30 85.0
24 2 15.0
12 33 32.0
15 3 50.0
10 28 25.0
13 34 8.0
8 9 32.0
30 19 80.0
11 4 2.0
1 25 33.0
11 9 6.0
27 12 54.0
31 19 10.0
18 22 38.0
32 10 84.0
9 34 3.0
24 15 46.0
24 11 15.0
31 20 54.0
13 21 72.0
16 5 14.0
30 23 15.0
29 5 42.0
12 4 70.0
2 29 71.0
