25
3 24 38.0
7 12 79.0
10 12 31.0
17 9 6.0
11 14 7.0
4 17 40.0
5 15 56.0
4 13 60.0
17 7 75.0
12 13 88.0
13 16 46.0
20 14 94.0
12 14 7.0
2 13 89.0
2 11 46.0
2 10 34.0
1 0 27.0
3 14 64.0
19 20 4.0
0 8 15.0
21 23 44.0
12 19 12.0
20 17 74.0
22 8 92.0
22 9 99.0
21 7 27.0
10 17 57.0
12 20 15.0
23 8 33.0
1 16 73.0
0 20 79.0
0 23 15.0
22 15 7.0
21 15 95.0
2 8 60.0
16 24 13.0
1 19 23.0
14 23 7.0
8 9 29.0
6 3 64.0
10 8 48.0
18 20 86.0
4 24 28.0
18 23 96.0
12 0 71.0
16 17 43.0
16 11 30.0
16 12 21.0
8 12 97.0
12 2 47.0
