40
3 23 54.0
19 33 21.0
28 39 13.0
17 38 60.0
17 8 72.0
17 33 98.0
29 20 36.0
17 5 50.0
18 38 17.0
23 27 4.0
13 14 76.0
28 22 8.0
28 23 76.0
36 15 19.0
35 25 54.0
26 13 70.0
0 4 35.0
0 8 55.0
7 24 67.0
27 33 71.0
20 15 68.0
27 34 3.0
28 15 74.0
21 16 19.0
34 32 85.0
35 37 60.0
25 39 37.0
16 32 31.0
16 33 89.0
34 13 33.0
33 23 9.0
17 15 41.0
8 1 51.0
20 33 93.0
32 21 88.0
16 3 56.0
31 9 86.0
37 34 68.0
32 26 29.0
32 25 21.0
11 36 11.0
32 3 17.0
15 29 83.0
22 11 66.0
12 39 83.0
38 1 51.0
7 2 20.0
16 25 7.0
14 27 58.0
14 28 45.0
39 3 37.0
39 2 12.0
8 7 94.0
35 6 76.0
8 9 30.0
1 23 57.0
33 31 20.0
10 6 95.0
4 22 46.0
11 23 50.0
15 7 83.0
0 37 42.0
11 0 5.0
38 11 58.0
11 24 33.0
11 25 86.0
16 18 4.0
3 30 13.0
27 3 10.0
16 5 38.0
19 3 50.0
35 13 8.0
16 12 86.0
33 28 97.0
33 29 20.0
3 37 11.0
