35
18 8 97.0
7 12 1.0
28 7 19.0
29 2 24.0
28 0 85.0
11 15 94.0
5 15 66.0
3 21 36.0
21 33 23.0
2 16 66.0
2 15 26.0
23 21 59.0
31 13 88.0
20 11 90.0
8 20 94.0
26 14 36.0
15 10 92.0
3 19 69.0
0 16 56.0
20 16 58.0
0 13 55.0
1 5 75.0
26 10 61.0
21 22 68.0
0 11 69.0
17 21 95.0
12 24 51.0
9 14 26.0
20 22 18.0
21 16 95.0
23 31 82.0
33 27 30.0
34 13 42.0
33 2 72.0
17 19 16.0
17 15 32.0
11 30 11.0
11 34 47.0
12 29 17.0
26 3 49.0
7 0 89.0
24 28 33.0
32 16 86.0
32 17 68.0
2 32 42.0
15 3 58.0
34 3 21.0
14 1 45.0
8 2 73.0
30 10 71.0
1 18 90.0
34 0 47.0
14 23 40.0
10 9 57.0
13 19 49.0
4 21 17.0
15 34 37.0
15 8 50.0
24 16 93.0
31 24 96.0
16 14 90.0
8 17 99.0
24 13 85.0
2 22 12.0
12 8 82.0
12 5 92.0
29 8 50.0
2 25 28.0
12 1 92.0
29 4 22.0
