35
26 27 46.0
6 12 63.0
18 34 75.0
18 33 34.0
22 32 72.0
22 31 24.0
11 15 31.0
29 25 59.0
26 23 27.0
8 29 25.0
28 27 18.0
6 25 20.0
2 13 6.0
20 14 39.0
12 17 70.0
0 5 72.0
0 4 53.0
5 21 20.0
19 26 16.0
19 27 2.0
10 25 59.0
7 23 56.0
27 33 69.0
21 26 67.0
15 17 91.0
20 9 55.0
21 22 84.0
32 30 7.0
20 6 66.0
26 12 9.0
33 15 17.0
20 4 2.0
21 3 47.0
22 7 5.0
28 19 51.0
20 25 60.0
30 8 49.0
31 1 46.0
6 7 17.0
15 21 54.0
15 22 66.0
1 15 31.0
20 34 20.0
7 8 80.0
22 14 91.0
11 31 91.0
23 13 11.0
15 29 45.0
10 32 25.0
20 32 87.0
14 6 77.0
15 0 81.0
16 27 55.0
24 7 18.0
24 5 18.0
30 12 36.0
6 0 17.0
8 9 53.0
11 8 92.0
27 11 74.0
4 22 19.0
13 0 54.0
13 1 34.0
31 18 30.0
13 6 27.0
22 19 10.0
8 19 52.0
8 14 42.0
3 34 60.0
2 28 14.0
