35
18 3 84.0
26 24 87.0
7 13 18.0
10 15 25.0
22 30 39.0
28 1 5.0
28 30 7.0
4 17 64.0
27 8 94.0
29 25 14.0
11 10 85.0
21 31 93.0
9 25 81.0
8 28 10.0
9 26 80.0
2 15 79.0
23 27 12.0
2 11 69.0
25 27 26.0
23 20 70.0
20 1 8.0
14 34 45.0
17 28 47.0
19 24 28.0
1 8 40.0
20 15 87.0
0 13 16.0
0 12 69.0
20 6 5.0
9 16 98.0
9 13 6.0
34 31 8.0
0 17 67.0
24 31 79.0
20 25 38.0
12 25 14.0
34 33 54.0
10 16 52.0
6 5 24.0
30 6 49.0
31 0 12.0
30 5 36.0
3 5 64.0
15 22 31.0
11 33 33.0
15 27 82.0
32 3 66.0
18 12 79.0
14 4 32.0
10 29 12.0
31 32 39.0
9 4 59.0
31 30 25.0
12 31 96.0
6 1 82.0
14 26 2.0
8 7 46.0
10 7 70.0
34 25 64.0
27 14 43.0
22 25 20.0
32 10 95.0
11 21 74.0
29 15 54.0
22 21 51.0
27 4 84.0
27 1 47.0
27 2 70.0
24 11 7.0
13 20 11.0
