45
3 23 5.0
7 10 60.0
28 4 10.0
41 7 83.0
22 30 39.0
27 26 16.0
10 13 17.0
30 27 42.0
22 32 90.0
27 20 15.0
28 33 34.0
21 31 78.0
18 38 27.0
6 23 34.0
9 21 64.0
31 13 54.0
42 11 52.0
16 41 80.0
41 13 6.0
36 13 49.0
35 25 51.0
16 44 47.0
10 24 10.0
44 3 13.0
15 19 96.0
1 42 85.0
0 1 21.0
1 3 22.0
33 14 81.0
14 31 32.0
39 11 99.0
38 37 99.0
30 40 59.0
17 1 19.0
16 31 76.0
36 25 33.0
36 26 38.0
26 9 37.0
5 34 58.0
37 39 37.0
31 3 58.0
33 27 54.0
33 25 55.0
40 18 70.0
1 16 89.0
4 38 77.0
32 21 60.0
27 41 40.0
0 20 37.0
21 10 78.0
22 16 25.0
15 26 35.0
18 15 7.0
21 12 34.0
22 11 77.0
31 26 57.0
21 15 82.0
9 44 56.0
32 16 71.0
13 8 40.0
38 0 56.0
2 32 72.0
42 32 96.0
16 25 61.0
10 28 68.0
35 0 42.0
36 35 63.0
8 7 16.0
6 3 68.0
13 19 93.0
34 24 59.0
37 26 2.0
30 17 56.0
5 42 43.0
26 32 72.0
39 35 73.0
18 21 88.0
38 12 33.0
10 41 36.0
29 12 8.0
18 25 81.0
40 6 42.0
19 7 7.0
11 17 9.0
36 44 20.0
8 17 16.0
14 16 76.0
14 17 99.0
40 43 49.0
21 38 92.0
