45
19 36 89.0
28 7 52.0
6 10 53.0
27 6 26.0
11 12 25.0
25 20 72.0
35 20 20.0
23 27 39.0
2 13 45.0
31 14 42.0
24 41 3.0
28 24 91.0
36 15 76.0
1 0 86.0
20 1 22.0
1 44 25.0
3 16 72.0
15 19 20.0
0 12 79.0
43 26 56.0
13 41 63.0
28 18 20.0
22 9 93.0
35 30 93.0
6 31 73.0
30 43 5.0
32 29 46.0
21 17 95.0
0 17 18.0
42 23 34.0
44 18 52.0
16 31 35.0
18 2 54.0
21 0 62.0
25 35 91.0
36 24 99.0
37 1 76.0
23 8 88.0
40 17 84.0
29 43 60.0
44 34 71.0
12 9 34.0
4 31 30.0
19 11 67.0
15 23 23.0
37 32 38.0
18 10 64.0
20 30 73.0
30 4 6.0
32 6 53.0
24 19 88.0
0 27 89.0
23 14 50.0
16 0 39.0
39 20 52.0
43 12 89.0
24 3 83.0
31 36 3.0
9 44 86.0
6 42 31.0
23 44 77.0
10 27 55.0
3 9 78.0
35 41 29.0
35 40 35.0
2 38 69.0
21 44 77.0
39 5 1.0
39 6 79.0
30 14 10.0
1 26 97.0
37 24 34.0
1 27 44.0
15 32 88.0
26 32 96.0
4 24 30.0
13 6 4.0
42 38 47.0
0 35 33.0
36 8 63.0
10 38 86.0
20 38 73.0
42 40 88.0
12 8 32.0
25 14 26.0
21 39 73.0
2 25 41.0
25 19 68.0
14 13 16.0
14 15 87.0
