45
18 5 62.0
3 26 40.0
17 39 98.0
28 30 32.0
1 30 24.0
22 32 4.0
27 23 59.0
41 3 81.0
4 17 22.0
28 34 38.0
30 31 18.0
31 10 57.0
34 43 97.0
3 13 83.0
10 22 58.0
22 40 83.0
18 44 85.0
14 38 54.0
28 42 34.0
5 28 49.0
20 6 94.0
27 31 79.0
38 37 16.0
28 44 14.0
21 20 83.0
13 41 10.0
28 15 5.0
25 30 15.0
9 15 16.0
42 25 6.0
9 10 11.0
32 29 68.0
42 22 25.0
34 33 42.0
24 34 98.0
18 2 15.0
5 7 6.0
37 1 65.0
3 0 12.0
7 39 63.0
4 32 29.0
26 1 86.0
39 22 46.0
36 6 39.0
15 25 2.0
32 20 57.0
20 35 41.0
26 41 89.0
0 25 96.0
31 28 23.0
21 14 15.0
11 28 85.0
4 5 1.0
38 2 90.0
15 1 99.0
9 8 91.0
12 33 98.0
2 9 48.0
30 10 87.0
35 43 13.0
34 23 41.0
11 3 22.0
37 29 39.0
10 5 26.0
37 25 27.0
39 37 11.0
0 34 67.0
17 41 91.0
15 6 82.0
11 21 24.0
21 40 52.0
31 15 91.0
18 23 10.0
14 8 14.0
11 19 64.0
27 4 35.0
16 9 36.0
14 11 78.0
35 10 87.0
24 11 78.0
25 10 77.0
12 44 23.0
20 37 97.0
31 20 22.0
40 1 85.0
12 6 76.0
12 5 9.0
33 28 19.0
40 5 7.0
3 37 43.0
