50
14 46 25.0
42 3 95.0
18 8 59.0
18 31 98.0
7 17 40.0
21 35 8.0
43 30 50.0
45 4 37.0
47 48 45.0
20 11 87.0
11 48 6.0
25 28 88.0
49 8 84.0
25 23 33.0
10 20 35.0
27 37 22.0
18 44 32.0
43 22 1.0
43 21 35.0
21 24 24.0
43 8 17.0
4 40 5.0
28 44 3.0
21 20 63.0
2 41 36.0
0 45 39.0
25 30 16.0
23 39 81.0
0 46 16.0
24 8 97.0
24 35 64.0
5 7 29.0
6 4 91.0
38 28 73.0
5 6 97.0
8 47 76.0
29 46 45.0
8 42 89.0
36 6 11.0
39 25 5.0
49 28 48.0
27 45 17.0
9 6 68.0
15 0 57.0
47 24 23.0
4 0 16.0
35 41 9.0
47 21 33.0
39 1 41.0
5 1 9.0
5 2 25.0
44 42 23.0
11 9 11.0
39 36 85.0
34 20 64.0
27 1 8.0
2 22 1.0
30 22 42.0
37 8 83.0
33 44 54.0
40 48 85.0
19 32 65.0
5 12 99.0
45 36 84.0
49 42 54.0
4 15 45.0
13 17 1.0
12 11 15.0
30 33 8.0
42 13 24.0
9 24 96.0
16 45 9.0
19 21 16.0
17 20 28.0
32 33 1.0
6 34 45.0
47 18 36.0
16 30 63.0
8 32 74.0
16 33 85.0
37 35 51.0
19 11 7.0
15 24 27.0
4 35 37.0
11 37 49.0
7 33 55.0
32 17 9.0
9 47 31.0
42 32 42.0
42 31 9.0
49 1 1.0
22 26 51.0
22 23 30.0
22 19 29.0
16 12 8.0
41 23 24.0
46 34 83.0
29 4 30.0
