50
41 8 58.0
28 32 16.0
28 33 9.0
27 9 51.0
48 2 55.0
23 27 71.0
37 11 35.0
47 5 60.0
37 18 59.0
25 26 51.0
36 14 32.0
49 9 51.0
20 3 26.0
18 45 35.0
10 26 29.0
14 32 47.0
31 39 20.0
25 8 8.0
13 49 34.0
2 45 23.0
36 24 21.0
48 40 43.0
38 28 7.0
44 35 49.0
3 6 61.0
34 15 77.0
32 7 18.0
49 28 38.0
26 40 89.0
33 1 48.0
21 14 49.0
21 15 50.0
33 0 30.0
23 46 82.0
9 1 22.0
45 40 12.0
13 30 14.0
47 27 12.0
3 9 31.0
13 35 62.0
35 1 58.0
36 35 94.0
2 33 57.0
39 48 25.0
48 6 77.0
26 31 40.0
13 1 57.0
39 32 21.0
36 47 27.0
30 24 7.0
2 27 16.0
29 0 61.0
3 29 91.0
49 45 58.0
17 31 62.0
31 10 20.0
35 21 98.0
34 46 56.0
38 30 38.0
44 24 36.0
17 25 21.0
29 35 76.0
37 42 97.0
22 47 82.0
15 14 82.0
35 30 48.0
6 32 3.0
48 16 64.0
12 26 7.0
34 36 45.0
18 17 32.0
45 16 62.0
40 16 66.0
40 25 34.0
22 14 50.0
26 5 8.0
22 12 70.0
26 2 82.0
46 41 35.0
14 3 69.0
40 34 89.0
41 16 57.0
29 19 58.0
41 14 48.0
18 29 54.0
33 32 4.0
4 22 30.0
33 30 42.0
17 43 26.0
14 8 16.0
42 46 95.0
0 39 41.0
12 46 48.0
16 7 38.0
12 43 54.0
35 14 50.0
12 5 18.0
35 17 93.0
