50
28 37 6.0
42 0 42.0
42 5 89.0
15 44 76.0
48 5 52.0
43 29 16.0
11 44 58.0
45 4 91.0
37 10 53.0
24 45 68.0
25 24 80.0
47 5 24.0
7 22 74.0
10 20 28.0
7 20 94.0
20 0 95.0
20 15 58.0
43 5 92.0
49 17 66.0
27 34 19.0
39 12 80.0
13 42 31.0
23 37 4.0
22 3 89.0
24 33 19.0
3 2 60.0
31 3 54.0
48 40 44.0
48 41 99.0
49 21 71.0
33 6 46.0
30 4 60.0
31 5 58.0
44 29 99.0
5 0 27.0
8 3 66.0
45 48 13.0
35 8 9.0
49 34 21.0
44 48 40.0
43 46 23.0
38 10 83.0
19 9 37.0
36 40 89.0
43 39 36.0
36 42 23.0
36 47 98.0
19 46 25.0
25 18 98.0
2 27 42.0
33 47 60.0
32 45 39.0
17 32 75.0
49 43 69.0
12 15 96.0
35 27 35.0
48 20 16.0
6 27 28.0
0 4 96.0
5 20 52.0
45 27 12.0
19 24 89.0
3 16 84.0
12 18 23.0
37 42 52.0
42 20 95.0
30 42 62.0
12 28 92.0
30 44 65.0
8 31 56.0
17 18 76.0
16 1 62.0
4 35 68.0
19 17 1.0
32 25 29.0
20 31 98.0
14 21 10.0
24 2 47.0
32 18 88.0
9 44 87.0
24 5 66.0
42 31 16.0
46 48 54.0
41 30 6.0
5 45 55.0
27 10 78.0
10 4 96.0
21 45 55.0
18 20 45.0
11 26 48.0
22 20 8.0
14 8 74.0
14 10 40.0
12 48 68.0
12 44 55.0
12 42 25.0
12 41 16.0
46 38 4.0
21 39 72.0
14 15 33.0
