50
3 23 45.0
28 39 98.0
5 12 84.0
6 10 22.0
41 4 11.0
30 27 9.0
29 23 94.0
23 19 51.0
41 0 87.0
28 33 30.0
26 21 96.0
11 12 77.0
45 30 79.0
22 37 7.0
31 48 36.0
31 10 14.0
10 49 23.0
20 13 38.0
32 38 29.0
46 29 33.0
37 18 70.0
1 48 76.0
37 49 90.0
7 20 4.0
27 32 95.0
44 0 95.0
0 13 7.0
31 47 83.0
43 24 6.0
28 45 9.0
37 42 60.0
16 36 92.0
9 16 58.0
48 17 51.0
22 4 52.0
44 17 79.0
12 26 91.0
23 39 27.0
10 18 75.0
2 46 79.0
8 35 86.0
13 46 53.0
8 36 78.0
18 19 11.0
41 25 45.0
33 26 86.0
8 47 13.0
5 30 51.0
15 20 98.0
8 45 93.0
45 12 83.0
8 0 40.0
36 5 90.0
11 32 79.0
36 6 90.0
22 15 38.0
7 4 20.0
31 6 94.0
5 39 55.0
10 32 72.0
4 39 57.0
34 6 19.0
3 41 94.0
36 34 55.0
21 49 84.0
23 41 93.0
35 1 58.0
14 27 92.0
8 5 90.0
35 3 98.0
47 22 19.0
45 48 49.0
36 39 53.0
13 39 78.0
41 35 18.0
1 23 82.0
39 6 30.0
40 36 15.0
41 18 40.0
37 25 41.0
13 1 72.0
7 46 39.0
20 43 2.0
9 41 53.0
5 48 16.0
0 36 50.0
14 10 55.0
47 39 65.0
16 14 50.0
2 24 31.0
16 13 71.0
46 35 37.0
29 3 1.0
29 4 90.0
2 29 95.0
