50
4 11 38.0
38 44 69.0
49 48 88.0
33 48 14.0
27 26 80.0
6 10 94.0
15 43 76.0
5 15 99.0
14 44 98.0
5 18 17.0
2 19 61.0
28 35 36.0
22 37 19.0
9 25 83.0
23 22 45.0
30 33 62.0
48 23 50.0
47 43 49.0
47 0 40.0
46 6 85.0
46 3 89.0
35 25 53.0
18 45 38.0
37 48 82.0
15 11 32.0
10 24 31.0
45 26 13.0
29 38 39.0
4 48 29.0
30 36 61.0
22 45 93.0
0 16 82.0
1 7 41.0
27 35 70.0
29 32 12.0
14 31 3.0
20 4 49.0
27 30 90.0
48 17 10.0
2 43 83.0
0 43 18.0
48 14 98.0
21 17 21.0
42 23 66.0
41 40 92.0
21 7 22.0
22 0 51.0
10 17 17.0
48 12 49.0
8 32 94.0
25 38 81.0
28 13 81.0
13 47 35.0
24 39 73.0
33 5 50.0
25 45 61.0
33 4 6.0
44 35 86.0
45 11 38.0
33 22 71.0
1 14 38.0
8 42 3.0
25 6 67.0
15 26 9.0
18 15 94.0
36 1 39.0
23 16 77.0
10 32 89.0
23 15 55.0
31 34 44.0
14 5 68.0
10 28 29.0
46 49 21.0
40 33 64.0
30 13 94.0
40 31 46.0
5 3 40.0
35 40 26.0
29 40 75.0
33 35 29.0
46 9 34.0
44 48 14.0
34 28 66.0
11 6 67.0
22 27 35.0
15 9 41.0
7 45 92.0
27 18 38.0
39 42 11.0
31 18 94.0
26 30 29.0
11 24 37.0
22 20 35.0
19 47 6.0
2 24 36.0
19 48 34.0
