45
6 12 46.0
33 43 16.0
18 6 69.0
42 3 6.0
42 1 12.0
41 4 36.0
29 23 1.0
19 39 43.0
22 31 77.0
27 8 8.0
27 22 98.0
28 32 80.0
44 15 24.0
11 10 18.0
32 41 19.0
22 28 42.0
42 10 22.0
8 20 38.0
8 22 77.0
41 12 39.0
11 41 27.0
14 35 80.0
26 15 65.0
44 9 50.0
10 23 64.0
28 43 68.0
20 16 54.0
32 35 64.0
43 3 74.0
43 24 71.0
20 6 70.0
1 3 65.0
43 9 3.0
2 41 54.0
23 32 43.0
28 18 78.0
20 22 3.0
9 13 41.0
28 19 99.0
42 22 42.0
16 30 29.0
8 32 72.0
8 37 57.0
26 7 57.0
24 38 79.0
24 39 58.0
40 19 55.0
44 35 35.0
33 7 48.0
23 4 69.0
36 6 36.0
20 36 77.0
11 33 35.0
7 3 42.0
26 4 56.0
39 21 17.0
7 32 58.0
27 43 30.0
6 41 8.0
12 36 62.0
43 14 6.0
34 1 99.0
20 26 21.0
13 32 83.0
12 32 89.0
14 1 96.0
40 23 69.0
35 1 54.0
40 32 25.0
35 4 99.0
21 42 45.0
19 41 79.0
4 22 13.0
41 18 96.0
30 17 46.0
40 38 42.0
39 36 25.0
26 32 82.0
22 26 73.0
21 40 97.0
9 41 33.0
39 41 43.0
9 34 41.0
9 35 5.0
36 8 82.0
30 22 78.0
25 14 59.0
2 27 39.0
29 6 74.0
40 4 15.0
