35
27 29 21.0
10 15 37.0
22 30 31.0
28 0 64.0
27 23 58.0
17 33 29.0
28 2 29.0
28 33 71.0
9 28 60.0
9 23 49.0
2 12 93.0
31 12 67.0
7 20 96.0
17 22 89.0
5 26 90.0
0 15 56.0
1 6 18.0
5 27 42.0
3 11 24.0
12 24 77.0
9 17 42.0
17 0 74.0
12 28 95.0
24 8 23.0
22 3 76.0
9 11 83.0
3 2 83.0
30 8 71.0
1 13 47.0
23 5 51.0
34 13 63.0
15 20 88.0
15 23 97.0
19 12 34.0
0 21 27.0
19 1 37.0
31 8 27.0
10 33 13.0
4 9 89.0
15 29 37.0
13 9 26.0
32 16 46.0
24 26 2.0
14 5 75.0
13 8 47.0
14 20 44.0
12 33 81.0
15 2 69.0
31 32 94.0
24 22 49.0
16 22 98.0
2 34 49.0
5 1 12.0
8 9 45.0
30 19 81.0
11 4 3.0
29 17 75.0
10 5 18.0
15 33 60.0
26 32 11.0
26 34 35.0
15 6 3.0
11 26 32.0
34 9 57.0
22 19 87.0
16 15 44.0
16 5 84.0
2 22 70.0
8 14 35.0
13 24 59.0
