45
6 13 7.0
18 6 94.0
17 39 45.0
41 8 9.0
3 27 43.0
15 42 63.0
14 40 15.0
28 36 50.0
32 41 82.0
3 21 81.0
28 27 35.0
2 16 21.0
12 13 64.0
24 43 16.0
12 16 23.0
35 26 43.0
28 23 98.0
1 0 5.0
0 4 24.0
20 1 40.0
27 39 71.0
26 19 19.0
44 27 12.0
42 19 96.0
17 3 25.0
23 32 79.0
22 39 54.0
43 18 13.0
42 25 49.0
42 24 9.0
20 24 21.0
21 17 97.0
10 16 99.0
2 44 94.0
34 36 55.0
24 39 65.0
33 3 4.0
34 12 22.0
5 34 25.0
37 1 12.0
40 29 25.0
18 17 7.0
33 24 38.0
4 34 97.0
40 16 76.0
4 32 88.0
0 20 10.0
11 32 96.0
7 35 66.0
32 20 31.0
21 11 6.0
37 34 47.0
30 4 53.0
11 36 25.0
26 4 97.0
16 0 78.0
11 29 50.0
9 6 20.0
0 29 36.0
42 36 45.0
4 3 33.0
35 1 12.0
2 39 72.0
35 40 57.0
19 41 85.0
37 26 95.0
26 36 16.0
15 33 65.0
5 41 32.0
4 23 73.0
39 36 21.0
17 42 84.0
37 20 12.0
31 16 99.0
39 43 83.0
13 5 78.0
9 41 1.0
31 15 41.0
14 7 2.0
18 26 32.0
38 10 57.0
24 15 41.0
9 35 95.0
13 23 41.0
37 6 39.0
21 39 42.0
12 5 97.0
19 43 7.0
25 18 57.0
40 4 18.0
