45
6 14 29.0
42 3 62.0
3 28 27.0
5 13 7.0
35 19 49.0
7 15 84.0
1 32 35.0
41 2 65.0
43 31 39.0
5 15 71.0
11 16 13.0
44 10 6.0
11 10 24.0
32 42 18.0
22 38 62.0
17 7 44.0
42 8 58.0
9 26 92.0
13 18 7.0
20 14 54.0
41 11 72.0
33 39 52.0
19 30 49.0
8 27 50.0
15 10 92.0
0 2 1.0
0 7 95.0
10 26 31.0
29 37 65.0
22 43 94.0
19 29 25.0
0 11 31.0
17 20 5.0
28 44 65.0
21 19 12.0
44 17 10.0
1 9 77.0
0 18 29.0
35 37 84.0
26 6 7.0
35 33 49.0
26 8 4.0
28 12 12.0
5 34 12.0
19 14 64.0
18 16 25.0
8 44 95.0
6 8 13.0
40 26 53.0
39 28 4.0
22 14 23.0
25 40 79.0
25 6 49.0
9 0 97.0
11 34 58.0
17 12 59.0
21 12 50.0
31 7 31.0
26 4 52.0
4 39 44.0
4 7 16.0
42 33 53.0
24 27 70.0
32 16 39.0
24 25 49.0
16 27 40.0
40 22 7.0
30 11 78.0
36 37 31.0
35 5 74.0
41 15 3.0
33 37 90.0
1 26 76.0
11 22 77.0
29 11 53.0
15 8 28.0
10 42 24.0
0 36 39.0
20 40 33.0
19 7 42.0
42 43 19.0
22 19 50.0
43 39 57.0
36 9 8.0
20 38 29.0
13 27 75.0
33 29 1.0
35 16 81.0
