35
3 23 26.0
10 11 21.0
29 1 96.0
22 31 72.0
29 21 21.0
17 7 28.0
2 18 11.0
28 29 90.0
9 21 81.0
20 14 52.0
30 34 38.0
2 12 49.0
8 20 31.0
6 26 87.0
25 23 58.0
8 27 1.0
0 5 62.0
26 16 97.0
5 21 8.0
26 17 21.0
19 27 67.0
17 28 50.0
7 24 31.0
21 26 74.0
29 32 20.0
32 31 6.0
14 31 36.0
25 8 94.0
6 32 3.0
12 27 3.0
21 17 9.0
0 17 92.0
24 9 82.0
22 0 57.0
28 10 86.0
18 17 72.0
33 4 6.0
5 33 9.0
12 9 27.0
3 5 85.0
17 15 21.0
30 9 69.0
7 8 5.0
22 13 61.0
32 9 19.0
31 7 25.0
30 4 91.0
18 15 85.0
22 12 21.0
20 32 18.0
23 14 56.0
14 4 95.0
0 29 91.0
14 2 19.0
24 4 37.0
34 4 13.0
24 5 4.0
16 21 67.0
12 31 86.0
29 19 1.0
11 2 65.0
4 20 52.0
0 33 15.0
18 25 73.0
24 12 51.0
2 22 46.0
2 25 80.0
13 24 92.0
3 34 29.0
13 28 84.0
