35
19 32 95.0
27 29 92.0
29 0 37.0
1 33 17.0
28 3 30.0
29 26 15.0
26 20 25.0
11 12 10.0
2 17 31.0
31 10 25.0
12 17 83.0
8 21 19.0
9 29 17.0
20 2 68.0
10 21 99.0
3 18 84.0
5 23 89.0
23 29 20.0
15 17 4.0
33 12 6.0
15 18 46.0
3 11 16.0
14 32 55.0
26 12 50.0
26 11 18.0
22 4 31.0
21 9 80.0
16 31 55.0
26 7 58.0
23 31 23.0
6 5 78.0
33 2 20.0
3 1 31.0
33 5 22.0
12 9 96.0
1 17 83.0
15 22 79.0
18 11 65.0
16 1 68.0
19 1 11.0
0 23 23.0
19 18 45.0
23 17 34.0
20 32 29.0
24 1 18.0
13 31 38.0
2 8 74.0
12 34 87.0
14 28 14.0
34 0 52.0
13 33 2.0
14 25 45.0
14 24 82.0
18 29 96.0
10 6 74.0
30 16 87.0
11 27 53.0
31 15 78.0
14 7 81.0
31 18 44.0
29 13 16.0
3 31 92.0
27 4 2.0
19 6 86.0
16 10 94.0
2 22 78.0
3 34 9.0
14 12 62.0
29 5 57.0
2 28 76.0
