30
6 11 52.0
27 29 67.0
26 24 60.0
27 25 19.0
17 9 6.0
5 14 87.0
29 25 81.0
28 2 13.0
11 12 64.0
23 22 26.0
9 22 13.0
13 11 32.0
12 17 5.0
28 20 42.0
28 22 31.0
25 23 27.0
26 14 69.0
3 15 58.0
20 2 58.0
3 12 67.0
15 10 15.0
17 26 23.0
5 22 88.0
19 24 8.0
0 6 70.0
17 24 14.0
0 14 69.0
26 12 61.0
20 4 60.0
28 16 88.0
21 18 65.0
22 0 35.0
21 2 69.0
3 1 81.0
5 6 13.0
15 21 2.0
1 17 26.0
19 10 86.0
15 24 58.0
0 21 54.0
22 14 30.0
22 13 53.0
2 5 98.0
11 28 23.0
13 8 80.0
14 1 6.0
1 19 93.0
5 4 59.0
29 19 14.0
10 3 15.0
29 11 4.0
13 2 46.0
11 21 44.0
10 0 94.0
11 1 6.0
29 12 95.0
16 9 98.0
24 14 98.0
12 7 31.0
13 24 52.0
