40
4 11 16.0
18 34 9.0
29 0 86.0
19 36 29.0
21 34 34.0
1 31 41.0
27 5 85.0
9 31 45.0
5 14 9.0
28 31 34.0
23 21 87.0
31 13 92.0
31 11 64.0
9 24 15.0
37 14 49.0
7 21 4.0
20 2 54.0
0 3 45.0
7 20 48.0
7 25 89.0
5 23 98.0
32 37 33.0
20 18 34.0
17 21 13.0
15 14 84.0
25 8 73.0
20 22 69.0
16 31 24.0
23 31 69.0
4 30 84.0
38 27 87.0
23 2 19.0
39 29 80.0
34 15 31.0
32 8 78.0
9 0 70.0
5 38 25.0
23 16 71.0
2 3 81.0
4 39 56.0
30 2 24.0
0 27 83.0
31 5 77.0
7 33 20.0
23 15 33.0
36 0 91.0
13 32 2.0
10 29 15.0
24 6 11.0
15 4 64.0
3 7 61.0
8 5 61.0
35 4 37.0
36 39 36.0
8 7 19.0
35 7 63.0
13 37 80.0
2 38 70.0
26 39 68.0
34 23 29.0
37 27 25.0
27 12 36.0
30 16 12.0
0 34 59.0
0 31 31.0
39 32 76.0
0 37 80.0
38 7 20.0
9 32 53.0
3 33 27.0
27 2 85.0
19 3 62.0
14 17 84.0
25 13 51.0
12 6 35.0
29 5 48.0
13 26 5.0
12 2 69.0
