40
4 12 11.0
19 33 67.0
29 23 40.0
7 16 44.0
9 31 13.0
6 18 50.0
6 22 63.0
36 11 58.0
20 13 24.0
23 27 7.0
20 14 17.0
36 16 1.0
37 19 10.0
26 16 50.0
39 15 60.0
0 6 17.0
17 29 95.0
12 18 70.0
7 27 31.0
1 4 69.0
33 14 37.0
39 13 2.0
38 36 63.0
29 31 15.0
21 3 42.0
22 4 47.0
21 8 8.0
6 30 53.0
34 33 65.0
18 2 51.0
36 26 27.0
24 38 87.0
6 38 20.0
6 5 61.0
30 8 11.0
33 25 5.0
38 28 9.0
31 1 79.0
34 11 74.0
38 29 61.0
5 9 15.0
39 23 40.0
36 5 96.0
11 33 26.0
22 15 62.0
15 28 57.0
7 3 64.0
38 21 13.0
2 0 64.0
4 6 1.0
34 5 35.0
12 38 61.0
15 4 42.0
13 30 85.0
35 0 8.0
35 3 80.0
5 3 47.0
5 4 28.0
39 2 47.0
37 28 2.0
33 32 20.0
4 21 39.0
22 27 84.0
39 35 68.0
31 19 81.0
22 23 30.0
32 12 22.0
38 7 63.0
38 11 99.0
22 21 93.0
38 8 19.0
19 9 47.0
3 33 5.0
24 12 24.0
8 18 14.0
19 3 13.0
37 6 28.0
29 7 1.0
33 28 43.0
25 19 20.0
