30
28 8 12.0
29 27 99.0
28 0 86.0
5 15 65.0
17 5 69.0
4 16 93.0
9 25 3.0
12 10 15.0
25 22 7.0
28 29 11.0
13 16 7.0
23 25 87.0
25 27 31.0
19 21 40.0
10 25 83.0
7 23 63.0
0 6 39.0
21 23 94.0
5 28 1.0
12 19 21.0
26 10 20.0
1 2 24.0
28 15 88.0
24 8 52.0
22 3 39.0
5 8 11.0
12 9 70.0
23 0 88.0
23 10 76.0
15 26 28.0
0 22 82.0
14 4 37.0
15 1 73.0
10 29 51.0
4 1 87.0
24 4 25.0
14 2 1.0
5 0 68.0
6 3 33.0
1 21 80.0
10 7 9.0
10 8 30.0
1 26 6.0
11 8 98.0
11 6 58.0
1 28 92.0
4 25 62.0
10 2 25.0
15 7 91.0
29 14 86.0
14 11 81.0
27 2 5.0
13 20 18.0
2 23 45.0
25 12 42.0
12 2 78.0
