50
28 7 18.0
28 32 33.0
6 17 73.0
18 39 58.0
42 49 7.0
25 23 47.0
1 47 92.0
26 13 12.0
26 19 37.0
4 42 76.0
20 8 55.0
49 19 38.0
22 7 38.0
20 22 27.0
22 4 59.0
24 9 55.0
27 49 69.0
33 2 62.0
1 10 53.0
32 2 18.0
29 45 24.0
6 8 94.0
33 9 94.0
26 45 59.0
27 46 26.0
21 13 74.0
36 2 24.0
33 1 23.0
9 8 19.0
36 31 34.0
6 0 35.0
8 7 73.0
6 2 63.0
13 37 96.0
49 33 37.0
11 2 10.0
44 49 1.0
26 38 48.0
39 36 65.0
13 2 41.0
39 31 65.0
48 39 28.0
49 39 62.0
47 31 66.0
40 3 72.0
36 49 35.0
13 29 3.0
45 32 84.0
11 13 83.0
4 19 41.0
17 36 93.0
32 46 9.0
22 33 19.0
11 10 75.0
9 25 93.0
16 49 33.0
2 17 9.0
8 29 82.0
31 12 78.0
37 48 93.0
0 4 72.0
22 40 52.0
44 25 94.0
0 13 76.0
1 4 46.0
1 3 83.0
29 33 72.0
12 26 4.0
16 32 6.0
34 36 3.0
47 14 38.0
5 35 82.0
4 34 54.0
45 10 78.0
0 20 41.0
26 0 53.0
7 36 48.0
22 15 45.0
0 25 10.0
11 36 14.0
11 38 30.0
6 40 86.0
24 25 91.0
42 32 76.0
41 33 20.0
21 43 48.0
4 20 7.0
10 3 79.0
20 47 43.0
4 25 87.0
37 20 34.0
0 38 95.0
49 0 4.0
32 14 84.0
42 45 52.0
42 44 56.0
14 11 55.0
12 44 15.0
8 15 17.0
40 43 81.0
