40
18 6 62.0
1 34 75.0
6 10 36.0
27 25 5.0
11 13 98.0
17 36 20.0
27 9 27.0
4 14 93.0
28 35 64.0
31 14 23.0
32 38 68.0
6 20 51.0
2 11 25.0
2 10 65.0
8 23 17.0
23 20 78.0
35 23 11.0
6 26 55.0
28 24 10.0
39 18 47.0
15 12 51.0
17 27 60.0
27 33 6.0
5 25 37.0
21 26 44.0
32 34 6.0
27 35 93.0
29 33 83.0
23 32 17.0
17 1 32.0
31 37 8.0
31 38 48.0
12 28 44.0
9 13 99.0
32 28 30.0
25 39 17.0
8 37 16.0
37 0 87.0
3 2 16.0
18 16 66.0
39 26 57.0
4 37 37.0
7 35 34.0
11 33 28.0
20 36 52.0
22 15 87.0
39 24 85.0
30 4 92.0
0 25 47.0
38 22 40.0
32 26 85.0
32 3 79.0
31 5 8.0
16 0 22.0
12 37 72.0
12 33 43.0
24 25 47.0
20 26 55.0
34 2 7.0
24 5 38.0
9 4 65.0
2 36 2.0
12 31 67.0
3 7 79.0
1 21 69.0
38 14 61.0
33 31 67.0
38 19 84.0
29 11 9.0
13 6 78.0
14 7 91.0
11 18 11.0
2 21 12.0
33 28 21.0
13 27 42.0
8 12 26.0
12 2 52.0
