45
1 39 12.0
6 12 17.0
18 37 28.0
26 25 42.0
41 8 53.0
6 10 60.0
14 41 90.0
3 22 42.0
8 29 96.0
20 10 42.0
9 27 60.0
37 12 86.0
31 14 57.0
42 13 46.0
41 11 43.0
25 27 76.0
25 29 88.0
16 40 62.0
6 27 68.0
6 29 52.0
6 28 57.0
7 20 80.0
22 41 73.0
38 30 50.0
5 22 44.0
17 27 60.0
32 35 42.0
33 10 7.0
20 18 3.0
1 3 64.0
35 31 51.0
17 2 68.0
30 43 7.0
23 39 49.0
12 26 85.0
10 16 28.0
5 8 75.0
32 0 55.0
33 26 62.0
18 16 14.0
38 27 65.0
4 33 20.0
1 16 33.0
33 22 32.0
38 29 86.0
33 9 90.0
39 28 79.0
2 7 20.0
2 5 88.0
36 4 43.0
25 43 99.0
10 32 81.0
5 39 47.0
5 36 52.0
30 2 90.0
18 12 56.0
0 28 38.0
9 43 90.0
31 32 74.0
20 28 66.0
2 9 91.0
24 22 40.0
8 2 75.0
13 35 14.0
39 3 80.0
41 32 50.0
41 17 90.0
21 41 4.0
18 29 74.0
10 5 55.0
26 35 87.0
11 7 51.0
37 25 71.0
38 18 4.0
4 25 41.0
10 2 58.0
18 21 50.0
4 29 76.0
34 9 35.0
40 9 34.0
31 21 80.0
13 20 97.0
12 43 55.0
22 18 76.0
25 14 66.0
37 6 17.0
41 23 74.0
12 2 19.0
25 16 87.0
