50
19 32 32.0
26 24 19.0
45 37 29.0
27 28 65.0
14 49 83.0
15 42 75.0
22 34 78.0
27 21 95.0
28 31 52.0
22 36 80.0
38 49 87.0
17 7 95.0
30 31 65.0
45 1 28.0
16 49 24.0
6 23 75.0
10 49 67.0
37 12 62.0
48 26 7.0
8 22 34.0
49 6 50.0
47 42 53.0
35 29 10.0
47 40 23.0
46 0 22.0
8 25 38.0
46 28 47.0
49 9 92.0
26 13 18.0
14 34 75.0
5 22 63.0
29 39 79.0
43 3 66.0
44 27 11.0
43 20 19.0
1 40 77.0
20 18 78.0
21 23 97.0
7 27 58.0
22 47 6.0
43 25 19.0
9 16 94.0
23 34 55.0
21 19 96.0
34 31 54.0
2 48 73.0
46 13 32.0
2 49 73.0
28 13 18.0
34 37 16.0
24 38 84.0
26 8 52.0
19 13 29.0
33 27 27.0
18 19 55.0
34 13 9.0
5 7 76.0
8 47 66.0
12 9 64.0
44 35 30.0
33 22 90.0
5 31 73.0
38 29 3.0
37 2 48.0
15 23 70.0
0 21 25.0
25 40 6.0
26 0 63.0
10 33 14.0
31 6 74.0
49 27 65.0
32 3 24.0
23 14 52.0
25 42 56.0
34 5 50.0
14 3 75.0
38 2 27.0
45 40 26.0
43 10 98.0
36 35 44.0
16 22 60.0
36 38 86.0
46 44 16.0
33 31 75.0
48 35 6.0
43 48 80.0
27 17 36.0
43 42 11.0
43 41 20.0
10 44 78.0
3 31 50.0
12 45 13.0
2 22 70.0
46 39 89.0
36 45 12.0
12 3 43.0
36 49 48.0
