35
3 25 46.0
1 32 94.0
10 13 8.0
30 27 10.0
29 24 81.0
22 33 89.0
4 14 61.0
30 31 81.0
13 18 47.0
9 22 2.0
9 29 61.0
25 26 86.0
0 4 98.0
26 15 72.0
14 34 56.0
33 10 1.0
17 24 4.0
20 9 35.0
1 5 24.0
1 4 73.0
14 33 29.0
21 22 32.0
29 33 30.0
25 32 31.0
9 15 19.0
21 19 8.0
24 32 44.0
34 32 84.0
23 9 59.0
12 20 16.0
26 6 15.0
9 19 27.0
1 11 62.0
33 4 53.0
33 24 93.0
1 16 89.0
4 32 51.0
17 16 46.0
22 15 30.0
30 4 99.0
19 18 92.0
31 5 65.0
4 3 93.0
10 27 19.0
34 4 7.0
15 5 33.0
30 10 44.0
6 3 59.0
30 19 43.0
15 30 12.0
34 22 68.0
1 24 22.0
1 26 87.0
1 28 83.0
11 6 41.0
10 4 15.0
11 20 19.0
14 8 90.0
16 9 53.0
13 20 34.0
16 5 36.0
14 12 19.0
12 2 69.0
2 28 39.0
13 28 31.0
