50
6 12 92.0
42 1 90.0
10 12 66.0
7 14 4.0
28 6 17.0
21 35 73.0
41 3 80.0
21 37 89.0
41 48 69.0
18 39 75.0
25 21 62.0
24 42 76.0
20 14 73.0
24 41 92.0
24 46 21.0
49 7 80.0
24 47 91.0
47 6 1.0
25 26 86.0
26 18 47.0
10 26 22.0
28 42 22.0
33 10 57.0
4 44 77.0
33 14 4.0
41 43 42.0
17 0 64.0
10 19 32.0
26 7 59.0
24 38 21.0
33 3 11.0
37 0 43.0
3 2 1.0
1 13 37.0
6 4 48.0
29 44 80.0
29 45 19.0
39 21 90.0
23 46 24.0
36 30 49.0
6 0 39.0
39 3 12.0
6 1 14.0
8 7 49.0
2 37 71.0
6 3 5.0
11 3 49.0
48 32 58.0
15 8 99.0
39 44 44.0
19 7 53.0
46 19 15.0
3 26 48.0
38 41 44.0
30 27 35.0
28 3 94.0
22 34 98.0
32 46 38.0
5 18 46.0
28 26 33.0
16 48 55.0
13 10 12.0
34 45 7.0
34 48 63.0
16 44 70.0
15 11 67.0
22 43 27.0
5 28 90.0
15 13 7.0
35 31 94.0
28 17 38.0
33 25 5.0
18 16 68.0
37 35 67.0
17 16 86.0
18 10 50.0
7 37 80.0
15 28 71.0
25 43 78.0
31 27 95.0
32 24 45.0
40 34 31.0
40 32 11.0
41 30 29.0
33 36 27.0
10 9 97.0
33 34 24.0
40 38 20.0
4 22 18.0
15 37 15.0
15 36 93.0
27 17 33.0
49 3 45.0
15 39 59.0
7 41 70.0
22 21 63.0
9 39 23.0
8 17 19.0
40 10 84.0
12 7 5.0
