30
6 12 35.0
7 12 26.0
29 1 91.0
10 13 30.0
29 24 86.0
28 0 12.0
7 16 96.0
11 15 3.0
4 18 39.0
5 18 58.0
23 24 68.0
23 22 81.0
6 24 57.0
13 14 68.0
13 12 46.0
2 10 73.0
8 23 95.0
9 29 44.0
0 2 28.0
10 24 99.0
7 24 55.0
5 24 38.0
20 8 38.0
1 2 19.0
17 21 92.0
20 4 41.0
21 4 21.0
0 17 37.0
22 0 20.0
10 16 11.0
19 14 95.0
6 4 37.0
1 10 46.0
6 7 36.0
1 17 32.0
22 14 66.0
16 2 50.0
2 3 57.0
16 0 27.0
10 27 48.0
20 28 29.0
2 8 80.0
2 9 71.0
14 1 4.0
16 22 11.0
14 24 70.0
13 19 42.0
11 2 10.0
10 3 62.0
27 15 49.0
4 25 81.0
18 21 41.0
22 21 39.0
18 25 41.0
27 4 95.0
13 21 71.0
25 14 60.0
16 12 29.0
8 11 93.0
12 3 91.0
