25
10 14 41.0
5 10 95.0
18 9 6.0
17 9 52.0
4 16 18.0
2 16 34.0
20 11 40.0
7 22 14.0
15 12 94.0
0 8 85.0
0 6 4.0
15 17 95.0
1 5 68.0
21 6 92.0
22 9 54.0
24 8 21.0
21 0 19.0
1 10 14.0
19 16 44.0
18 16 21.0
1 17 28.0
3 5 62.0
17 18 99.0
5 9 19.0
18 10 31.0
19 1 45.0
23 11 45.0
23 16 50.0
18 15 47.0
2 0 25.0
14 4 26.0
13 9 45.0
24 0 16.0
24 6 26.0
9 1 40.0
14 1 65.0
11 4 36.0
10 7 98.0
10 8 21.0
11 7 12.0
18 20 73.0
11 22 3.0
22 24 18.0
11 1 70.0
13 6 71.0
22 20 65.0
11 19 48.0
24 15 36.0
19 6 82.0
8 11 17.0
