35
10 11 8.0
18 34 66.0
26 24 37.0
28 7 52.0
7 16 55.0
22 34 44.0
17 4 89.0
28 33 11.0
17 32 46.0
4 13 65.0
3 22 21.0
11 12 70.0
20 14 94.0
8 27 20.0
1 0 72.0
20 2 70.0
0 16 54.0
17 24 66.0
5 28 22.0
12 19 93.0
1 5 3.0
6 34 79.0
9 12 47.0
0 17 90.0
20 25 39.0
10 17 96.0
28 11 43.0
34 13 7.0
3 1 56.0
23 5 70.0
33 25 51.0
33 7 24.0
6 8 10.0
15 23 12.0
23 12 51.0
11 34 92.0
16 4 70.0
7 4 39.0
23 17 96.0
14 22 42.0
24 0 22.0
24 6 70.0
20 26 95.0
4 0 90.0
34 2 84.0
15 4 64.0
20 28 52.0
24 4 98.0
24 20 47.0
12 30 50.0
14 28 20.0
34 21 13.0
11 2 73.0
33 32 81.0
10 3 92.0
1 28 81.0
13 0 57.0
10 1 78.0
0 32 76.0
4 27 85.0
10 0 24.0
22 23 46.0
13 6 33.0
9 34 15.0
19 7 44.0
16 5 30.0
2 25 36.0
3 34 87.0
2 26 27.0
12 2 63.0
