50
3 25 92.0
15 46 73.0
38 42 74.0
17 38 61.0
27 22 27.0
42 5 36.0
5 14 61.0
32 44 8.0
49 45 12.0
29 22 79.0
3 21 81.0
30 33 63.0
46 21 13.0
48 21 17.0
28 25 49.0
14 37 57.0
18 45 92.0
15 11 13.0
26 13 88.0
0 9 39.0
4 47 7.0
4 46 20.0
32 35 34.0
29 36 83.0
28 42 62.0
44 0 5.0
33 11 49.0
17 25 56.0
42 16 8.0
18 49 4.0
41 39 43.0
0 42 49.0
21 4 4.0
28 15 76.0
21 19 10.0
9 10 31.0
48 16 67.0
30 45 13.0
46 11 45.0
35 38 84.0
1 12 23.0
5 7 70.0
41 26 43.0
23 8 14.0
34 10 88.0
18 16 9.0
41 29 90.0
44 35 19.0
39 26 23.0
29 48 29.0
23 13 61.0
27 41 10.0
32 7 31.0
2 5 58.0
27 40 9.0
37 34 66.0
7 37 9.0
20 30 60.0
4 7 77.0
31 5 67.0
24 0 34.0
4 3 19.0
14 0 29.0
30 10 20.0
40 31 92.0
5 4 60.0
35 5 1.0
39 0 11.0
29 18 92.0
27 10 39.0
15 33 12.0
40 38 23.0
49 2 75.0
20 46 78.0
4 26 63.0
0 32 32.0
26 33 13.0
0 31 83.0
39 32 91.0
10 41 47.0
20 42 52.0
32 12 7.0
14 7 90.0
34 9 45.0
12 0 1.0
24 15 31.0
22 19 6.0
10 38 45.0
24 12 15.0
9 38 99.0
16 6 9.0
36 9 5.0
36 45 89.0
8 11 21.0
35 16 98.0
41 21 37.0
