40
6 12 29.0
27 29 52.0
4 10 72.0
28 32 65.0
17 5 88.0
22 38 87.0
20 10 57.0
9 27 41.0
28 29 61.0
25 21 24.0
20 12 68.0
21 29 90.0
8 25 8.0
19 30 8.0
35 25 96.0
7 22 30.0
5 22 97.0
0 8 66.0
19 24 56.0
9 20 86.0
0 14 2.0
1 3 51.0
29 30 25.0
38 36 58.0
31 39 2.0
22 8 6.0
25 32 44.0
34 30 87.0
22 0 31.0
35 37 3.0
16 32 93.0
35 33 35.0
6 38 73.0
5 6 36.0
34 11 40.0
23 2 27.0
1 17 30.0
8 1 61.0
33 20 91.0
36 3 26.0
20 35 59.0
38 21 93.0
7 31 25.0
4 7 84.0
30 2 5.0
0 28 12.0
31 35 43.0
34 6 99.0
4 1 49.0
31 30 3.0
30 13 85.0
16 22 3.0
3 8 23.0
13 33 68.0
14 25 1.0
2 39 50.0
39 3 4.0
35 6 5.0
34 22 41.0
35 8 13.0
39 7 53.0
1 24 57.0
30 14 61.0
4 22 46.0
29 11 51.0
4 29 97.0
13 7 10.0
24 11 22.0
22 18 54.0
34 19 12.0
29 9 92.0
13 22 9.0
35 14 79.0
25 13 36.0
14 15 73.0
13 28 23.0
