40
18 4 78.0
6 13 99.0
1 37 1.0
10 14 20.0
29 2 82.0
19 38 81.0
21 35 66.0
7 16 11.0
26 21 72.0
17 6 90.0
11 12 35.0
31 10 22.0
2 15 64.0
2 14 15.0
32 38 85.0
13 12 53.0
2 10 65.0
0 5 74.0
38 34 65.0
14 36 50.0
10 23 3.0
9 20 28.0
5 26 43.0
32 37 70.0
29 35 15.0
5 28 82.0
3 11 65.0
26 10 89.0
3 10 69.0
29 31 97.0
39 11 75.0
17 3 66.0
25 32 87.0
6 34 83.0
12 22 4.0
23 34 25.0
35 30 70.0
6 32 19.0
22 5 56.0
23 39 69.0
24 37 51.0
34 37 32.0
31 3 44.0
33 26 4.0
1 10 74.0
23 7 59.0
33 7 9.0
34 17 57.0
37 3 91.0
20 34 27.0
15 25 31.0
9 0 53.0
39 24 76.0
32 26 39.0
26 4 77.0
20 32 95.0
30 1 80.0
24 2 60.0
34 5 49.0
4 2 87.0
34 3 6.0
35 2 86.0
29 18 57.0
37 28 62.0
37 29 57.0
34 28 20.0
18 20 10.0
29 10 90.0
22 25 6.0
11 21 72.0
13 5 97.0
31 22 79.0
31 25 89.0
24 11 64.0
13 20 41.0
30 21 44.0
14 16 39.0
14 19 45.0
13 26 87.0
14 15 65.0
