40
18 34 70.0
7 10 88.0
28 5 22.0
5 12 51.0
17 39 6.0
1 30 37.0
7 17 80.0
22 31 78.0
11 16 87.0
6 15 82.0
21 31 3.0
5 19 68.0
6 22 19.0
6 25 62.0
35 20 84.0
28 29 55.0
20 14 98.0
25 26 98.0
19 30 98.0
20 0 29.0
10 26 39.0
17 25 71.0
26 12 15.0
33 16 73.0
14 30 27.0
20 4 78.0
21 6 23.0
22 8 78.0
28 18 89.0
22 39 39.0
20 21 13.0
21 18 72.0
10 16 87.0
25 39 60.0
34 36 36.0
6 39 28.0
25 35 1.0
18 0 91.0
19 13 28.0
23 5 3.0
19 15 1.0
6 7 92.0
5 33 36.0
19 16 57.0
33 7 19.0
33 22 24.0
7 36 18.0
19 1 23.0
36 4 56.0
2 3 89.0
32 26 62.0
24 0 16.0
7 2 44.0
38 1 57.0
20 26 38.0
24 22 89.0
36 38 64.0
35 6 15.0
10 9 99.0
34 23 7.0
15 33 22.0
0 30 73.0
38 19 3.0
30 17 22.0
15 35 65.0
18 24 93.0
1 20 5.0
13 7 31.0
9 35 50.0
0 39 82.0
34 19 91.0
3 38 5.0
2 24 3.0
21 39 83.0
14 12 24.0
33 29 3.0
29 4 47.0
