35
26 25 17.0
3 29 58.0
22 31 15.0
27 23 39.0
29 25 22.0
11 16 40.0
4 15 18.0
17 4 33.0
17 5 43.0
2 17 17.0
25 22 98.0
20 13 61.0
9 23 9.0
2 12 28.0
2 11 39.0
23 25 84.0
6 26 49.0
20 2 19.0
19 20 73.0
19 26 75.0
32 34 70.0
7 29 8.0
20 15 30.0
29 34 25.0
12 19 70.0
3 11 91.0
20 6 13.0
33 15 13.0
9 17 17.0
23 32 41.0
22 7 28.0
22 4 16.0
24 34 91.0
6 5 79.0
18 17 28.0
17 19 46.0
1 11 16.0
33 20 82.0
15 23 32.0
11 30 22.0
21 11 32.0
18 14 96.0
15 29 34.0
18 13 61.0
30 2 36.0
33 1 39.0
4 7 75.0
0 28 81.0
24 2 31.0
24 29 46.0
14 6 75.0
4 3 4.0
24 25 2.0
15 3 82.0
4 1 82.0
9 4 9.0
3 9 48.0
11 4 79.0
11 9 79.0
30 15 50.0
0 32 46.0
4 29 71.0
22 21 92.0
8 19 80.0
12 7 99.0
25 14 78.0
8 13 76.0
30 23 55.0
12 3 79.0
