45
19 31 7.0
3 26 79.0
18 33 36.0
4 19 89.0
22 32 38.0
43 33 42.0
43 31 3.0
32 42 63.0
6 23 55.0
8 28 19.0
23 22 68.0
23 21 32.0
23 28 53.0
30 32 69.0
41 12 4.0
36 12 49.0
11 40 57.0
19 20 77.0
20 1 56.0
0 2 26.0
29 39 69.0
1 8 4.0
23 29 21.0
5 29 20.0
3 11 91.0
43 7 7.0
16 36 37.0
36 21 37.0
42 21 65.0
23 32 25.0
13 43 94.0
2 42 81.0
21 8 29.0
22 2 60.0
8 37 21.0
32 0 70.0
3 2 29.0
19 15 46.0
19 16 62.0
37 4 18.0
15 21 52.0
10 37 18.0
4 38 71.0
7 31 49.0
27 44 91.0
10 30 44.0
7 5 69.0
20 31 27.0
43 12 74.0
4 2 92.0
42 30 19.0
24 7 8.0
36 33 39.0
36 34 14.0
13 35 60.0
30 13 85.0
40 21 71.0
13 38 36.0
5 2 92.0
1 21 57.0
43 40 8.0
18 29 19.0
41 15 97.0
27 11 4.0
39 37 80.0
26 37 32.0
18 22 66.0
27 16 89.0
27 17 10.0
0 38 47.0
10 42 99.0
42 39 84.0
9 41 67.0
39 31 71.0
10 44 48.0
16 15 23.0
36 44 81.0
13 21 58.0
40 42 67.0
35 14 69.0
40 0 14.0
40 2 26.0
41 22 30.0
30 20 8.0
