30
6 11 92.0
27 26 33.0
23 18 7.0
27 8 89.0
5 18 62.0
3 22 97.0
11 12 17.0
20 13 92.0
21 27 41.0
6 20 77.0
21 29 86.0
12 16 45.0
7 22 28.0
0 5 75.0
10 22 5.0
0 9 32.0
7 24 50.0
1 8 30.0
20 15 55.0
20 18 46.0
26 10 21.0
3 11 92.0
21 22 45.0
25 7 48.0
22 6 56.0
20 21 96.0
12 27 29.0
28 13 89.0
5 8 25.0
5 6 27.0
12 9 57.0
23 1 99.0
17 13 42.0
16 3 11.0
0 26 37.0
16 0 77.0
7 5 51.0
14 6 53.0
7 2 9.0
16 25 33.0
4 20 76.0
10 4 12.0
27 13 2.0
22 27 57.0
15 8 13.0
22 25 56.0
11 21 19.0
27 18 48.0
14 9 7.0
27 3 98.0
19 8 92.0
27 1 53.0
19 4 45.0
22 18 48.0
8 18 91.0
13 23 18.0
8 14 41.0
29 3 80.0
8 10 24.0
