35
19 32 76.0
6 13 15.0
28 5 81.0
5 13 29.0
29 2 55.0
29 23 71.0
30 25 7.0
27 22 45.0
21 30 68.0
27 20 59.0
17 6 43.0
17 7 60.0
2 17 95.0
21 28 72.0
12 15 53.0
13 14 95.0
21 27 58.0
12 14 12.0
23 25 28.0
8 20 29.0
3 14 34.0
0 3 11.0
3 12 29.0
26 18 29.0
5 22 37.0
0 6 8.0
19 25 59.0
15 17 12.0
7 28 20.0
0 1 95.0
32 33 50.0
25 33 64.0
21 18 66.0
20 24 51.0
34 31 93.0
24 33 9.0
8 33 61.0
8 32 16.0
16 32 98.0
23 3 10.0
23 0 20.0
0 22 20.0
4 9 31.0
7 3 98.0
23 17 25.0
31 26 65.0
31 4 51.0
14 6 95.0
15 1 61.0
24 23 26.0
24 4 74.0
24 22 8.0
8 2 92.0
26 32 57.0
4 25 43.0
0 31 5.0
32 12 5.0
26 30 65.0
19 8 9.0
27 4 24.0
16 8 26.0
24 14 61.0
22 18 53.0
14 16 98.0
29 7 96.0
14 19 87.0
8 11 90.0
8 10 68.0
