50
28 38 62.0
7 15 42.0
15 48 98.0
17 9 96.0
6 15 30.0
42 9 44.0
23 21 23.0
21 27 45.0
47 1 52.0
46 6 29.0
36 19 24.0
18 46 98.0
18 47 3.0
39 19 70.0
4 42 85.0
49 14 15.0
44 0 73.0
20 18 37.0
49 16 41.0
33 14 33.0
2 42 3.0
25 39 88.0
26 6 92.0
31 3 77.0
27 47 11.0
34 15 24.0
2 5 76.0
38 22 55.0
9 5 77.0
45 46 92.0
13 39 97.0
39 0 3.0
34 21 22.0
38 17 61.0
44 45 32.0
49 34 70.0
39 8 14.0
1 26 6.0
38 6 28.0
39 30 85.0
38 7 95.0
38 10 29.0
47 36 56.0
36 44 98.0
30 21 66.0
37 9 40.0
3 26 4.0
3 27 19.0
45 36 95.0
5 13 95.0
45 39 87.0
11 13 48.0
9 25 15.0
2 13 4.0
48 24 22.0
28 20 26.0
34 48 75.0
35 25 40.0
45 24 52.0
42 17 85.0
12 19 13.0
29 32 80.0
28 18 48.0
28 16 52.0
30 44 6.0
6 32 92.0
46 13 60.0
8 38 64.0
33 24 28.0
45 13 32.0
18 11 78.0
20 34 42.0
20 35 7.0
23 11 49.0
32 26 64.0
18 15 83.0
19 18 12.0
7 31 99.0
7 32 71.0
42 29 19.0
11 29 87.0
24 1 70.0
24 25 24.0
6 49 73.0
16 23 14.0
17 48 49.0
37 27 55.0
17 41 46.0
7 45 87.0
20 44 96.0
32 10 96.0
18 24 14.0
29 15 12.0
5 48 10.0
20 42 1.0
42 40 67.0
16 10 18.0
12 40 59.0
46 37 65.0
21 39 26.0
