30
3 24 17.0
29 0 14.0
18 7 50.0
18 8 46.0
28 6 2.0
27 5 80.0
23 18 79.0
6 23 82.0
28 26 27.0
9 27 31.0
2 13 72.0
13 11 23.0
20 3 20.0
15 12 91.0
26 15 67.0
15 10 75.0
10 23 36.0
15 19 49.0
20 15 65.0
12 18 9.0
19 28 5.0
0 10 56.0
21 6 20.0
25 8 54.0
21 5 21.0
17 1 52.0
22 5 78.0
12 26 67.0
21 7 90.0
21 0 2.0
1 12 47.0
19 14 32.0
1 13 31.0
18 16 31.0
17 13 16.0
7 9 59.0
23 16 94.0
0 26 70.0
0 28 23.0
11 28 33.0
24 25 96.0
16 28 99.0
16 25 82.0
20 29 79.0
2 9 36.0
15 5 87.0
3 7 23.0
11 6 7.0
15 8 4.0
11 26 76.0
4 29 6.0
29 12 7.0
22 17 46.0
16 5 99.0
13 25 29.0
8 14 70.0
8 11 23.0
