40
18 36 77.0
18 3 51.0
28 8 12.0
29 28 67.0
22 30 11.0
10 12 7.0
19 39 93.0
17 31 67.0
28 33 48.0
23 24 77.0
9 21 40.0
37 12 16.0
28 20 57.0
35 29 23.0
37 13 91.0
36 15 45.0
14 37 92.0
14 36 72.0
0 8 77.0
1 8 43.0
17 24 98.0
20 17 66.0
32 31 66.0
0 12 86.0
38 39 85.0
3 10 57.0
26 12 87.0
9 16 1.0
16 36 55.0
16 38 73.0
22 4 98.0
24 30 96.0
19 14 87.0
19 15 92.0
30 5 3.0
23 7 80.0
3 6 43.0
7 38 43.0
4 34 40.0
7 39 72.0
15 21 59.0
33 22 13.0
23 4 40.0
33 20 40.0
17 16 29.0
11 30 87.0
36 5 93.0
17 14 56.0
32 7 74.0
32 21 8.0
21 13 1.0
25 0 84.0
24 27 7.0
12 39 47.0
38 0 97.0
20 26 24.0
4 1 28.0
2 36 55.0
2 39 60.0
14 25 81.0
2 38 40.0
34 21 86.0
30 19 89.0
30 18 51.0
11 3 20.0
27 11 11.0
26 32 68.0
29 10 98.0
37 20 90.0
11 21 43.0
31 18 42.0
3 32 84.0
8 19 9.0
16 8 99.0
24 12 47.0
25 10 42.0
36 9 58.0
37 7 3.0
1 29 37.0
35 16 63.0
