50
18 37 19.0
7 13 75.0
42 3 48.0
18 8 99.0
41 6 13.0
42 1 35.0
43 33 63.0
41 3 74.0
43 30 34.0
41 0 32.0
42 48 61.0
23 26 28.0
25 27 80.0
36 12 51.0
49 9 5.0
14 35 34.0
28 49 15.0
7 20 40.0
20 0 47.0
18 48 12.0
44 5 30.0
43 5 25.0
27 35 46.0
27 34 81.0
21 24 84.0
33 16 16.0
25 8 2.0
25 7 72.0
13 40 51.0
36 27 95.0
2 45 26.0
8 49 17.0
3 1 39.0
23 8 99.0
29 46 70.0
29 47 44.0
32 8 26.0
31 9 73.0
27 40 78.0
30 4 7.0
7 5 17.0
23 46 46.0
15 3 67.0
23 41 55.0
34 0 23.0
2 39 26.0
35 5 49.0
39 0 14.0
43 40 84.0
1 27 70.0
15 9 37.0
13 2 21.0
13 6 1.0
40 8 95.0
13 23 18.0
47 30 94.0
40 4 50.0
3 37 72.0
19 32 11.0
29 2 51.0
29 1 80.0
11 10 24.0
32 42 73.0
4 13 38.0
45 30 45.0
44 11 30.0
49 44 12.0
6 22 2.0
9 21 56.0
34 42 32.0
19 22 60.0
0 4 32.0
3 16 12.0
30 38 62.0
32 30 40.0
28 18 35.0
48 17 58.0
21 3 3.0
19 13 35.0
33 23 96.0
15 20 53.0
15 21 9.0
20 34 62.0
15 25 52.0
15 26 82.0
0 22 92.0
15 28 37.0
17 10 61.0
0 27 67.0
16 0 84.0
41 16 66.0
0 30 1.0
21 46 24.0
14 9 63.0
9 42 57.0
24 17 2.0
16 15 6.0
12 8 54.0
35 11 59.0
29 7 99.0
