45
1 32 65.0
6 10 59.0
15 43 10.0
17 36 72.0
28 3 7.0
27 8 78.0
17 34 77.0
21 33 98.0
43 34 7.0
8 28 59.0
6 23 8.0
2 11 34.0
2 10 50.0
23 20 46.0
14 37 5.0
10 21 12.0
44 9 77.0
44 2 69.0
26 18 75.0
43 1 87.0
5 24 86.0
17 22 77.0
42 15 97.0
0 13 35.0
0 1 92.0
14 33 99.0
25 8 97.0
25 33 33.0
42 20 2.0
22 9 56.0
22 6 90.0
2 43 34.0
30 43 53.0
21 9 67.0
42 23 69.0
18 19 27.0
32 0 62.0
40 17 85.0
37 36 86.0
19 10 40.0
40 26 17.0
40 13 2.0
17 16 91.0
2 7 27.0
15 24 76.0
0 20 65.0
16 3 37.0
39 25 56.0
20 30 97.0
25 43 10.0
17 10 80.0
20 32 44.0
27 44 39.0
42 29 86.0
34 5 47.0
14 3 61.0
14 22 98.0
24 0 7.0
34 7 81.0
14 20 72.0
2 9 35.0
40 23 45.0
23 41 40.0
12 31 19.0
2 39 18.0
5 3 13.0
6 2 50.0
18 28 75.0
34 23 79.0
44 42 55.0
33 37 61.0
37 24 72.0
22 24 39.0
26 33 91.0
0 38 85.0
10 41 60.0
11 24 52.0
9 40 48.0
14 7 16.0
18 25 86.0
16 19 29.0
3 31 81.0
30 22 72.0
24 10 34.0
30 23 19.0
29 5 51.0
33 29 15.0
2 28 47.0
13 29 19.0
