40
6 13 5.0
10 14 73.0
19 37 61.0
29 1 90.0
5 11 12.0
5 16 24.0
21 36 92.0
13 14 81.0
35 26 88.0
35 25 33.0
39 18 72.0
14 36 28.0
26 18 62.0
7 25 51.0
0 6 81.0
39 10 42.0
20 9 79.0
0 14 29.0
20 8 23.0
30 39 72.0
14 32 86.0
20 4 21.0
6 34 66.0
21 3 6.0
20 21 58.0
9 10 64.0
34 30 76.0
22 1 78.0
34 35 56.0
25 37 43.0
16 34 76.0
31 3 64.0
37 1 36.0
1 16 38.0
37 36 69.0
7 39 18.0
34 15 4.0
30 9 75.0
18 10 5.0
20 35 83.0
4 36 57.0
5 38 5.0
19 18 71.0
11 36 28.0
31 27 1.0
4 7 19.0
5 36 6.0
16 0 27.0
21 15 2.0
0 29 31.0
14 6 32.0
15 0 71.0
31 34 62.0
36 30 10.0
10 27 9.0
14 1 52.0
24 20 29.0
5 4 44.0
29 19 64.0
38 15 31.0
33 32 21.0
4 22 92.0
10 4 49.0
38 18 39.0
39 33 71.0
11 21 89.0
22 23 92.0
32 12 92.0
32 15 56.0
15 39 35.0
27 3 20.0
2 20 90.0
24 14 89.0
2 21 97.0
16 10 42.0
2 22 64.0
30 23 97.0
33 28 92.0
8 12 51.0
35 15 84.0
