45
6 12 7.0
18 34 83.0
18 33 77.0
28 1 58.0
6 19 16.0
22 31 79.0
7 16 49.0
28 3 58.0
42 4 88.0
29 21 62.0
17 30 95.0
2 18 83.0
23 28 94.0
6 21 19.0
36 17 19.0
35 28 90.0
8 22 36.0
39 17 41.0
10 24 1.0
17 22 23.0
42 15 54.0
29 35 85.0
44 22 44.0
14 32 43.0
39 13 28.0
12 24 82.0
12 23 9.0
21 18 27.0
24 33 4.0
36 29 76.0
8 34 80.0
36 23 88.0
40 18 89.0
37 4 1.0
19 12 44.0
26 1 75.0
15 24 34.0
17 11 85.0
39 25 58.0
23 11 85.0
15 27 85.0
11 35 2.0
42 26 55.0
16 0 16.0
3 43 68.0
24 3 90.0
34 7 11.0
6 42 99.0
14 5 62.0
14 20 73.0
13 32 91.0
42 30 42.0
12 32 83.0
30 10 20.0
40 20 51.0
14 28 60.0
39 1 5.0
5 43 27.0
13 19 98.0
10 40 85.0
44 42 47.0
34 25 61.0
40 35 74.0
5 42 69.0
40 37 8.0
27 13 32.0
10 4 66.0
15 9 41.0
15 7 36.0
11 21 86.0
39 33 57.0
22 23 30.0
4 29 77.0
39 43 57.0
39 41 34.0
40 7 45.0
19 9 3.0
24 17 83.0
8 19 74.0
9 39 74.0
10 39 84.0
13 21 7.0
3 39 9.0
12 41 42.0
8 13 70.0
44 39 83.0
19 43 29.0
35 15 80.0
