30
28 9 20.0
10 11 61.0
4 12 77.0
6 14 19.0
3 27 78.0
7 12 84.0
26 28 64.0
4 16 28.0
26 22 34.0
26 21 79.0
11 12 33.0
6 25 15.0
2 11 76.0
9 29 80.0
28 25 78.0
15 12 9.0
10 22 22.0
19 26 61.0
19 24 18.0
17 22 78.0
7 29 88.0
17 23 11.0
20 9 97.0
7 28 94.0
5 28 29.0
26 12 90.0
17 2 82.0
22 2 87.0
9 11 85.0
10 16 69.0
10 19 66.0
18 16 37.0
6 9 76.0
15 21 94.0
1 14 71.0
5 9 76.0
2 6 32.0
0 23 4.0
26 3 53.0
22 12 70.0
24 2 57.0
7 0 60.0
4 0 5.0
24 7 97.0
16 20 59.0
11 5 52.0
29 16 65.0
1 24 28.0
10 8 72.0
10 6 30.0
4 22 80.0
1 27 3.0
15 9 81.0
29 14 25.0
22 23 91.0
18 23 18.0
12 1 93.0
