45
28 9 51.0
18 36 57.0
38 43 76.0
41 8 61.0
7 12 89.0
18 33 46.0
27 25 45.0
5 11 62.0
28 26 43.0
2 16 48.0
43 27 58.0
25 22 28.0
23 21 58.0
23 26 72.0
33 39 9.0
24 44 28.0
35 23 52.0
35 25 86.0
20 3 60.0
14 35 61.0
44 8 66.0
14 34 7.0
17 28 89.0
43 2 31.0
31 41 67.0
42 15 99.0
19 28 62.0
30 39 90.0
32 31 36.0
3 11 78.0
33 14 22.0
15 14 95.0
6 36 20.0
0 44 46.0
25 33 84.0
36 22 19.0
8 39 24.0
13 43 34.0
0 43 49.0
9 15 91.0
21 9 36.0
12 26 48.0
20 25 84.0
24 33 32.0
18 0 7.0
44 31 17.0
38 25 22.0
30 5 39.0
44 35 47.0
1 16 67.0
3 5 80.0
34 15 74.0
8 0 21.0
26 1 34.0
31 9 20.0
17 12 92.0
25 2 1.0
21 14 75.0
4 39 80.0
18 13 20.0
24 7 75.0
42 32 5.0
30 12 75.0
12 31 98.0
36 37 51.0
36 38 58.0
35 41 73.0
38 17 55.0
1 21 73.0
26 39 58.0
10 8 3.0
34 24 20.0
10 5 13.0
34 25 94.0
39 37 94.0
11 23 99.0
11 26 10.0
39 43 30.0
4 29 37.0
15 39 91.0
1 20 99.0
9 34 87.0
24 13 85.0
25 15 22.0
12 6 67.0
12 40 82.0
14 19 68.0
35 17 6.0
40 5 11.0
41 21 16.0
