25
3 23 87.0
7 11 72.0
11 13 93.0
4 19 62.0
6 16 37.0
3 21 89.0
2 18 44.0
12 10 20.0
12 13 93.0
9 21 10.0
23 20 88.0
19 24 79.0
1 8 57.0
0 16 62.0
20 15 21.0
15 17 68.0
20 7 78.0
3 11 21.0
15 13 34.0
15 14 71.0
20 21 15.0
17 0 15.0
21 18 11.0
22 0 64.0
23 9 18.0
23 6 21.0
6 4 98.0
1 16 2.0
15 21 30.0
15 22 51.0
2 5 55.0
14 6 4.0
14 20 89.0
13 8 34.0
15 4 74.0
24 20 36.0
3 7 95.0
1 18 81.0
11 4 58.0
10 6 25.0
15 8 70.0
11 23 81.0
11 21 77.0
19 9 54.0
19 6 64.0
14 11 18.0
24 11 83.0
22 17 78.0
12 7 19.0
14 12 11.0
