40
3 23 38.0
19 33 26.0
26 24 46.0
18 8 97.0
8 30 90.0
17 38 84.0
28 6 68.0
30 27 94.0
5 16 33.0
28 2 79.0
17 5 40.0
5 18 14.0
25 20 16.0
13 18 71.0
13 16 51.0
13 12 70.0
25 29 59.0
8 25 23.0
28 24 42.0
19 30 45.0
8 27 45.0
1 0 33.0
38 34 96.0
20 2 11.0
7 20 94.0
39 15 59.0
39 19 79.0
19 25 42.0
23 29 95.0
0 14 30.0
21 22 11.0
39 11 85.0
21 6 21.0
16 36 77.0
22 7 84.0
21 17 69.0
9 10 37.0
12 26 73.0
10 18 42.0
24 38 66.0
28 14 38.0
6 38 60.0
19 13 66.0
4 34 51.0
15 22 48.0
37 38 36.0
33 8 93.0
18 11 6.0
37 31 13.0
32 21 59.0
22 13 75.0
15 25 39.0
31 9 95.0
17 12 80.0
7 4 78.0
31 7 70.0
18 14 51.0
2 1 94.0
31 35 82.0
14 5 15.0
4 3 52.0
16 27 91.0
36 32 40.0
36 33 32.0
2 34 43.0
15 30 19.0
34 23 62.0
4 20 45.0
38 19 84.0
39 34 50.0
39 33 7.0
38 13 56.0
38 11 61.0
29 12 71.0
32 14 62.0
3 33 54.0
27 0 12.0
19 3 55.0
12 6 1.0
8 10 13.0
