40
3 23 65.0
26 24 70.0
10 15 41.0
30 27 64.0
22 32 59.0
21 34 23.0
6 15 59.0
26 22 49.0
22 37 16.0
36 10 87.0
13 10 81.0
26 14 53.0
38 34 96.0
39 17 37.0
7 26 41.0
14 39 85.0
10 26 93.0
32 34 74.0
33 15 39.0
38 36 32.0
9 17 19.0
36 22 33.0
6 31 18.0
16 31 65.0
28 14 18.0
26 9 65.0
36 24 66.0
33 27 94.0
31 3 85.0
4 30 65.0
1 10 60.0
33 6 22.0
3 4 93.0
33 9 46.0
39 29 10.0
18 11 97.0
20 34 99.0
4 37 89.0
0 20 94.0
32 21 4.0
36 3 86.0
10 35 30.0
32 20 61.0
4 9 90.0
31 28 13.0
25 0 69.0
21 15 37.0
38 23 41.0
9 5 11.0
9 6 41.0
7 0 3.0
14 20 18.0
12 32 81.0
12 35 62.0
13 30 29.0
2 9 85.0
16 23 12.0
16 21 74.0
12 30 60.0
3 8 38.0
5 3 56.0
33 17 81.0
29 18 38.0
30 19 45.0
18 28 49.0
26 39 40.0
34 23 11.0
38 15 50.0
37 29 45.0
1 26 80.0
15 31 67.0
13 2 50.0
32 10 30.0
27 19 19.0
32 15 29.0
34 9 10.0
27 1 50.0
16 5 8.0
12 6 95.0
37 8 19.0
