35
7 11 47.0
18 9 57.0
1 30 95.0
5 14 76.0
4 16 16.0
29 20 20.0
27 9 54.0
26 21 55.0
6 18 26.0
20 14 18.0
13 11 79.0
20 11 7.0
25 28 2.0
28 20 32.0
1 0 98.0
5 23 54.0
1 5 53.0
20 17 33.0
26 10 99.0
27 31 1.0
20 4 1.0
17 0 94.0
25 30 99.0
16 32 27.0
33 27 33.0
4 30 7.0
3 1 75.0
33 26 5.0
23 7 99.0
1 16 73.0
5 30 62.0
1 17 47.0
6 8 27.0
1 14 93.0
15 24 12.0
2 5 80.0
19 18 95.0
31 5 27.0
18 13 93.0
22 11 30.0
7 33 13.0
9 5 71.0
24 3 27.0
31 34 60.0
10 29 66.0
24 6 29.0
20 27 46.0
16 24 95.0
8 3 42.0
16 21 58.0
13 34 7.0
13 19 68.0
10 5 23.0
34 26 17.0
1 28 8.0
15 32 92.0
34 20 3.0
16 19 59.0
11 19 48.0
27 4 97.0
9 32 74.0
27 2 90.0
16 15 8.0
2 21 89.0
34 18 98.0
8 16 18.0
1 29 8.0
29 5 21.0
