50
14 46 14.0
42 2 56.0
11 39 8.0
27 23 12.0
43 30 21.0
23 24 65.0
11 45 91.0
37 11 95.0
24 45 27.0
36 15 8.0
1 43 47.0
1 44 81.0
39 10 83.0
4 43 79.0
31 41 49.0
43 25 83.0
13 45 38.0
6 5 66.0
48 44 85.0
48 46 64.0
29 49 76.0
26 42 45.0
38 23 34.0
34 6 43.0
47 24 80.0
15 1 6.0
47 29 39.0
47 27 18.0
3 49 51.0
13 33 10.0
47 20 64.0
39 4 47.0
11 9 49.0
39 44 59.0
39 34 75.0
26 33 4.0
44 40 25.0
11 0 3.0
38 6 12.0
38 8 11.0
19 8 23.0
25 15 58.0
37 6 36.0
47 32 90.0
40 47 57.0
11 14 95.0
4 15 53.0
49 46 83.0
32 43 52.0
28 27 30.0
48 28 71.0
9 21 4.0
48 21 71.0
35 28 36.0
41 13 73.0
46 29 57.0
46 28 29.0
45 23 99.0
0 8 82.0
45 27 50.0
5 24 79.0
30 36 88.0
30 37 88.0
22 44 42.0
17 24 15.0
1 3 14.0
28 14 44.0
34 36 51.0
35 33 64.0
19 16 41.0
19 10 35.0
33 21 2.0
4 32 59.0
17 11 52.0
30 49 15.0
31 29 22.0
32 25 12.0
5 39 41.0
30 47 82.0
5 36 93.0
25 41 51.0
20 32 2.0
24 27 36.0
46 42 16.0
32 17 80.0
40 23 96.0
16 24 9.0
12 31 2.0
40 35 66.0
7 48 67.0
27 17 61.0
10 0 32.0
20 43 41.0
46 32 42.0
42 44 78.0
31 25 24.0
42 43 63.0
16 12 16.0
47 8 45.0
41 22 10.0
