50
28 38 51.0
1 32 8.0
36 11 97.0
45 6 91.0
21 27 47.0
36 14 45.0
14 37 76.0
20 1 92.0
27 36 88.0
7 24 30.0
28 43 86.0
28 41 12.0
44 1 59.0
28 46 72.0
20 4 21.0
33 16 17.0
23 33 65.0
17 3 95.0
25 31 88.0
23 34 40.0
24 30 73.0
13 45 56.0
24 39 37.0
23 30 5.0
6 5 39.0
49 23 17.0
26 41 44.0
4 7 54.0
35 45 31.0
7 0 3.0
15 3 13.0
13 31 62.0
23 44 33.0
2 37 86.0
29 40 85.0
39 4 83.0
11 8 55.0
48 7 13.0
43 41 44.0
38 10 57.0
27 2 4.0
36 7 65.0
36 42 32.0
1 29 16.0
19 48 41.0
40 2 52.0
45 34 48.0
19 38 78.0
28 2 6.0
30 26 8.0
13 17 41.0
42 10 32.0
10 49 84.0
34 40 6.0
30 32 33.0
35 29 62.0
16 40 79.0
34 49 6.0
19 30 4.0
19 27 63.0
0 8 17.0
0 12 77.0
21 6 19.0
28 15 74.0
21 4 66.0
12 28 9.0
32 29 87.0
48 12 26.0
48 11 65.0
21 0 60.0
33 26 46.0
5 35 93.0
5 31 45.0
11 30 40.0
23 12 9.0
0 22 17.0
32 25 72.0
10 30 86.0
30 48 41.0
16 0 94.0
11 29 57.0
11 28 4.0
32 16 23.0
6 49 78.0
24 21 61.0
41 17 43.0
5 46 45.0
20 45 60.0
32 13 15.0
17 46 78.0
24 16 55.0
24 17 66.0
22 17 36.0
12 44 54.0
12 8 34.0
16 10 59.0
16 11 14.0
21 38 18.0
46 34 21.0
14 15 73.0
