35
4 11 63.0
18 3 6.0
6 12 78.0
28 7 2.0
6 19 31.0
27 6 15.0
28 0 6.0
28 3 22.0
7 18 84.0
28 26 11.0
31 13 62.0
12 16 32.0
31 12 74.0
28 24 72.0
5 21 13.0
5 26 33.0
0 15 51.0
15 17 42.0
12 18 45.0
17 20 80.0
0 10 75.0
20 4 37.0
15 14 31.0
12 22 39.0
28 19 65.0
18 0 52.0
28 12 60.0
33 27 26.0
1 12 91.0
19 14 43.0
4 30 50.0
31 0 19.0
1 17 46.0
23 4 12.0
2 7 28.0
18 10 80.0
0 20 46.0
25 1 75.0
18 14 94.0
2 0 16.0
33 0 26.0
4 2 19.0
2 8 73.0
16 26 86.0
3 7 19.0
8 5 58.0
34 0 58.0
12 30 25.0
14 23 33.0
29 18 27.0
11 5 81.0
34 22 14.0
0 30 89.0
30 17 15.0
10 4 77.0
13 0 7.0
13 2 18.0
18 22 11.0
18 23 67.0
29 13 8.0
31 24 97.0
2 21 4.0
34 19 59.0
25 15 59.0
24 10 75.0
8 11 1.0
2 29 78.0
29 4 14.0
