30
3 24 75.0
18 6 53.0
28 5 85.0
10 15 73.0
17 9 70.0
4 15 52.0
17 5 14.0
4 16 96.0
6 25 46.0
6 24 94.0
12 15 22.0
20 14 11.0
6 21 88.0
6 20 71.0
23 25 95.0
2 10 71.0
28 21 44.0
6 28 51.0
3 15 33.0
0 4 84.0
19 21 74.0
19 24 89.0
0 7 54.0
7 23 86.0
0 16 20.0
1 8 26.0
17 22 4.0
17 24 16.0
19 29 97.0
20 8 54.0
17 25 98.0
9 16 63.0
20 23 71.0
22 5 30.0
12 26 8.0
28 13 81.0
19 14 73.0
23 5 96.0
15 21 55.0
2 7 18.0
18 10 16.0
25 4 77.0
15 28 60.0
11 29 45.0
24 1 51.0
27 10 39.0
27 11 17.0
27 16 43.0
18 21 95.0
11 1 5.0
22 20 85.0
16 19 27.0
19 7 17.0
16 5 14.0
13 20 3.0
12 7 28.0
16 12 56.0
12 2 16.0
25 16 24.0
12 1 32.0
