40
4 12 1.0
6 14 62.0
19 35 29.0
10 15 48.0
22 30 95.0
1 32 52.0
17 38 76.0
5 11 7.0
5 14 68.0
29 20 19.0
28 36 78.0
13 18 99.0
20 13 29.0
2 13 19.0
9 24 83.0
36 18 38.0
6 28 11.0
39 18 37.0
0 8 69.0
10 26 48.0
21 25 42.0
15 19 71.0
29 37 77.0
33 13 47.0
29 33 74.0
27 31 54.0
31 39 21.0
25 8 82.0
6 36 88.0
25 31 95.0
35 30 22.0
6 31 76.0
24 30 3.0
21 0 1.0
23 6 35.0
1 13 29.0
31 1 29.0
37 5 56.0
37 36 55.0
3 5 56.0
3 4 21.0
15 22 37.0
33 8 26.0
37 38 19.0
18 11 58.0
16 3 18.0
39 24 78.0
19 0 95.0
23 16 53.0
4 8 55.0
5 39 15.0
18 14 59.0
18 12 29.0
14 4 68.0
24 29 85.0
38 4 99.0
36 31 96.0
24 21 24.0
8 2 71.0
2 39 99.0
35 5 34.0
8 9 34.0
11 8 50.0
15 32 14.0
15 37 84.0
37 22 93.0
0 33 23.0
11 27 18.0
0 37 5.0
31 18 74.0
38 8 11.0
1 20 15.0
24 15 29.0
35 10 87.0
27 0 17.0
24 10 97.0
16 13 44.0
3 36 48.0
