50
26 24 29.0
41 8 29.0
27 25 35.0
28 34 98.0
41 47 16.0
21 33 6.0
6 18 28.0
37 11 67.0
11 49 58.0
45 8 51.0
47 42 10.0
36 19 80.0
37 19 46.0
46 2 94.0
10 20 20.0
28 43 37.0
1 42 50.0
41 38 80.0
43 16 45.0
36 22 16.0
17 0 75.0
23 39 84.0
37 0 99.0
32 2 34.0
6 7 16.0
3 0 73.0
3 6 12.0
1 17 79.0
2 7 17.0
29 49 46.0
2 5 62.0
36 4 13.0
2 4 25.0
49 25 22.0
47 29 73.0
34 4 45.0
23 40 81.0
48 33 34.0
39 44 17.0
49 37 98.0
13 5 65.0
19 4 97.0
25 19 71.0
45 32 19.0
40 46 15.0
19 35 24.0
17 35 94.0
11 13 38.0
44 14 14.0
9 31 3.0
32 46 67.0
3 20 58.0
32 41 38.0
6 23 1.0
30 31 13.0
9 27 4.0
13 16 93.0
34 40 44.0
28 22 53.0
46 26 31.0
34 47 66.0
19 20 41.0
38 30 73.0
22 45 2.0
0 13 66.0
37 44 45.0
29 32 76.0
35 31 69.0
21 5 99.0
35 30 49.0
42 25 80.0
9 13 45.0
47 13 90.0
40 17 34.0
18 16 48.0
40 28 72.0
7 39 5.0
17 18 9.0
20 33 18.0
23 13 65.0
22 16 84.0
0 25 42.0
11 38 95.0
31 33 79.0
14 23 12.0
37 24 90.0
5 42 13.0
49 2 71.0
29 10 88.0
22 27 71.0
20 46 17.0
0 31 91.0
31 16 42.0
32 15 80.0
9 32 68.0
9 38 20.0
24 11 34.0
40 42 9.0
16 11 85.0
40 11 92.0
