200
2204
0 21.0 7.0
1 73.0 26.0
2 64.0 85.0
3 92.0 54.0
4 8.0 26.0
5 64.0 37.0
6 80.0 21.0
7 79.0 37.0
8 73.0 99.0
9 86.0 1.0
10 69.0 5.0
11 38.0 77.0
12 40.0 4.0
13 70.0 64.0
14 50.0 47.0
15 48.0 15.0
16 35.0 100.0
17 53.0 29.0
18 47.0 58.0
19 93.0 66.0
20 81.0 35.0
21 49.0 24.0
22 98.0 19.0
23 40.0 94.0
24 88.0 29.0
25 57.0 100.0
26 40.0 95.0
27 83.0 78.0
28 81.0 3.0
29 52.0 31.0
30 60.0 29.0
31 78.0 20.0
32 7.0 62.0
33 52.0 15.0
34 35.0 6.0
35 27.0 40.0
36 23.0 87.0
37 87.0 81.0
38 13.0 78.0
39 83.0 32.0
40 51.0 72.0
41 90.0 54.0
42 90.0 72.0
43 78.0 9.0
44 61.0 16.0
45 92.0 47.0
46 95.0 32.0
47 0.0 35.0
48 11.0 64.0
49 1.0 62.0
50 94.0 74.0
51 80.0 27.0
52 49.0 44.0
53 79.0 32.0
54 64.0 46.0
55 48.0 92.0
56 80.0 56.0
57 68.0 29.0
58 2.0 15.0
59 82.0 9.0
60 15.0 1.0
61 6.0 23.0
62 73.0 39.0
63 58.0 80.0
64 93.0 60.0
65 53.0 78.0
66 6.0 94.0
67 65.0 21.0
68 22.0 61.0
69 17.0 92.0
70 98.0 43.0
71 54.0 53.0
72 78.0 98.0
73 25.0 44.0
74 83.0 95.0
75 31.0 8.0
76 77.0 79.0
77 15.0 1.0
78 70.0 81.0
79 12.0 84.0
80 80.0 25.0
81 26.0 75.0
82 70.0 30.0
83 1.0 95.0
84 30.0 52.0
85 100.0 66.0
86 56.0 42.0
87 59.0 3.0
88 1.0 92.0
89 49.0 8.0
90 24.0 87.0
91 75.0 38.0
92 20.0 51.0
93 33.0 12.0
94 59.0 73.0
95 60.0 19.0
96 5.0 4.0
97 57.0 74.0
98 14.0 49.0
99 10.0 65.0
100 5.0 70.0
101 80.0 87.0
102 62.0 67.0
103 38.0 37.0
104 47.0 27.0
105 2.0 81.0
106 82.0 0.0
107 45.0 51.0
108 39.0 51.0
109 68.0 76.0
110 77.0 79.0
111 84.0 58.0
112 61.0 91.0
113 95.0 23.0
114 47.0 15.0
115 52.0 85.0
116 49.0 23.0
117 29.0 67.0
118 57.0 22.0
119 98.0 78.0
120 72.0 32.0
121 72.0 64.0
122 82.0 34.0
123 39.0 80.0
124 38.0 18.0
125 53.0 19.0
126 7.0 3.0
127 22.0 61.0
128 77.0 38.0
129 10.0 51.0
130 22.0 12.0
131 70.0 62.0
132 0.0 6.0
133 29.0 82.0
134 47.0 38.0
135 6.0 23.0
136 34.0 36.0
137 44.0 7.0
138 54.0 64.0
139 40.0 12.0
140 60.0 95.0
141 99.0 17.0
142 92.0 0.0
143 61.0 80.0
144 29.0 79.0
145 29.0 43.0
146 33.0 83.0
147 70.0 90.0
148 18.0 63.0
149 93.0 73.0
150 75.0 54.0
151 50.0 14.0
152 54.0 68.0
153 1.0 52.0
154 86.0 47.0
155 54.0 95.0
156 29.0 48.0
157 81.0 60.0
158 79.0 18.0
159 61.0 98.0
160 60.0 88.0
161 95.0 35.0
162 35.0 5.0
163 25.0 23.0
164 86.0 72.0
165 7.0 81.0
166 28.0 16.0
167 21.0 38.0
168 13.0 68.0
169 47.0 91.0
170 10.0 54.0
171 75.0 59.0
172 27.0 21.0
173 38.0 54.0
174 75.0 56.0
175 97.0 84.0
176 39.0 57.0
177 60.0 45.0
178 86.0 85.0
179 96.0 60.0
180 55.0 58.0
181 95.0 2.0
182 55.0 1.0
183 24.0 45.0
184 64.0 31.0
185 57.0 51.0
186 4.0 29.0
187 73.0 77.0
188 86.0 1.0
189 3.0 31.0
190 36.0 60.0
191 34.0 80.0
192 39.0 2.0
193 90.0 18.0
194 18.0 73.0
195 92.0 65.0
196 98.0 24.0
197 15.0 68.0
198 25.0 74.0
199 7.0 96.0
0 34 14.0
0 60 8.0
0 75 10.0
0 77 8.0
0 93 13.0
0 130 5.0
0 162 14.0
0 166 11.0
1 5 14.0
1 6 9.0
1 7 13.0
1 20 12.0
1 30 13.0
1 31 8.0
1 39 12.0
1 51 7.0
1 53 8.0
1 57 6.0
1 62 13.0
1 67 9.0
1 80 7.0
1 82 5.0
1 91 12.0
1 120 6.0
1 122 12.0
1 128 13.0
1 158 10.0
1 184 10.0
2 63 8.0
2 65 13.0
2 76 14.0
2 78 7.0
2 94 13.0
2 97 13.0
2 109 10.0
2 110 14.0
2 112 7.0
2 115 12.0
2 140 11.0
2 143 6.0
2 147 8.0
2 155 14.0
2 159 13.0
2 160 5.0
2 187 12.0
3 19 12.0
3 41 2.0
3 45 7.0
3 56 12.0
3 64 6.0
3 70 13.0
3 85 14.0
3 111 9.0
3 154 9.0
3 157 13.0
3 179 7.0
3 195 11.0
4 47 12.0
4 58 13.0
4 61 4.0
4 135 4.0
4 186 5.0
4 189 7.0
5 1 14.0
5 17 14.0
5 29 13.0
5 30 9.0
5 54 9.0
5 57 9.0
5 62 9.0
5 82 9.0
5 86 9.0
5 91 11.0
5 120 9.0
5 128 13.0
5 177 9.0
5 184 6.0
6 1 9.0
6 20 14.0
6 24 11.0
6 31 2.0
6 39 11.0
6 43 12.0
6 51 6.0
6 53 11.0
6 57 14.0
6 59 12.0
6 80 4.0
6 82 13.0
6 120 14.0
6 122 13.0
6 158 3.0
6 193 10.0
7 1 13.0
7 20 3.0
7 24 12.0
7 39 6.0
7 51 10.0
7 53 5.0
7 57 14.0
7 62 6.0
7 80 12.0
7 82 11.0
7 91 4.0
7 120 9.0
7 122 4.0
7 128 2.0
7 154 12.0
8 72 5.0
8 74 11.0
8 101 14.0
8 112 14.0
8 140 14.0
8 147 9.0
8 159 12.0
9 28 5.0
9 43 11.0
9 59 9.0
9 106 4.0
9 142 6.0
9 181 9.0
9 188 0.0
10 28 12.0
10 43 10.0
10 44 14.0
10 59 14.0
10 87 10.0
10 106 14.0
11 40 14.0
11 81 12.0
11 117 13.0
11 123 3.0
11 133 10.0
11 144 9.0
11 146 8.0
11 191 5.0
11 198 13.0
12 15 14.0
12 34 5.0
12 75 10.0
12 89 10.0
12 93 11.0
12 114 13.0
12 124 14.0
12 137 5.0
12 139 8.0
12 151 14.0
12 162 5.0
12 192 2.0
13 56 13.0
13 94 14.0
13 102 9.0
13 109 12.0
13 121 2.0
13 131 2.0
13 150 11.0
13 157 12.0
13 171 7.0
13 174 9.0
13 187 13.0
14 18 11.0
14 52 3.0
14 54 14.0
14 71 7.0
14 86 8.0
14 107 6.0
14 108 12.0
14 134 9.0
14 173 14.0
14 177 10.0
14 180 12.0
14 185 8.0
15 12 14.0
15 21 9.0
15 33 4.0
15 44 13.0
15 89 7.0
15 95 13.0
15 104 12.0
15 114 1.0
15 116 8.0
15 118 11.0
15 124 10.0
15 125 6.0
15 137 9.0
15 139 9.0
15 151 2.0
16 23 8.0
16 26 7.0
17 5 14.0
17 21 6.0
17 29 2.0
17 30 7.0
17 33 14.0
17 67 14.0
17 86 13.0
17 95 12.0
17 104 6.0
17 116 7.0
17 118 8.0
17 125 10.0
17 134 11.0
17 184 11.0
18 14 11.0
18 52 14.0
18 71 9.0
18 107 7.0
18 108 11.0
18 138 9.0
18 152 12.0
18 173 10.0
18 176 8.0
18 180 8.0
18 185 12.0
18 190 11.0
19 3 12.0
19 41 12.0
19 42 7.0
19 50 8.0
19 64 6.0
19 85 7.0
19 111 12.0
19 119 13.0
19 149 7.0
19 157 13.0
19 164 9.0
19 179 7.0
19 195 1.0
20 1 12.0
20 6 14.0
20 7 3.0
20 24 9.0
20 39 4.0
20 46 14.0
20 51 8.0
20 53 4.0
20 57 14.0
20 62 9.0
20 80 10.0
20 82 12.0
20 91 7.0
20 120 9.0
20 122 1.0
20 128 5.0
20 154 13.0
20 161 14.0
21 15 9.0
21 17 6.0
21 29 8.0
21 30 12.0
21 33 9.0
21 44 14.0
21 95 12.0
21 104 4.0
21 114 9.0
21 116 1.0
21 118 8.0
21 124 13.0
21 125 6.0
21 134 14.0
21 151 10.0
22 24 14.0
22 46 13.0
22 113 5.0
22 141 2.0
22 193 8.0
22 196 5.0
23 16 8.0
23 26 1.0
23 55 8.0
23 123 14.0
23 146 13.0
23 155 14.0
23 169 8.0
24 6 11.0
24 7 12.0
24 20 9.0
24 22 14.0
24 31 13.0
24 39 6.0
24 46 8.0
24 51 8.0
24 53 9.0
24 80 9.0
24 113 9.0
24 122 8.0
24 128 14.0
24 158 14.0
24 161 9.0
24 193 11.0
24 196 11.0
25 55 12.0
25 112 10.0
25 140 6.0
25 155 6.0
25 159 4.0
25 160 12.0
25 169 13.0
26 16 7.0
26 23 1.0
26 55 9.0
26 146 14.0
26 155 14.0
26 169 8.0
27 37 5.0
27 42 9.0
27 50 12.0
27 76 6.0
27 78 13.0
27 101 9.0
27 110 6.0
27 149 11.0
27 164 7.0
27 178 8.0
27 187 10.0
28 9 5.0
28 10 12.0
28 43 7.0
28 59 6.0
28 106 3.0
28 142 11.0
28 181 14.0
28 188 5.0
29 5 13.0
29 17 2.0
29 21 8.0
29 30 8.0
29 52 13.0
29 86 12.0
29 95 14.0
29 104 6.0
29 116 9.0
29 118 10.0
29 125 12.0
29 134 9.0
29 184 12.0
30 1 13.0
30 5 9.0
30 17 7.0
30 21 12.0
30 29 8.0
30 44 13.0
30 57 8.0
30 67 9.0
30 82 10.0
30 86 14.0
30 95 10.0
30 104 13.0
30 116 13.0
30 118 8.0
30 120 12.0
30 125 12.0
30 184 4.0
31 1 8.0
31 6 2.0
31 24 13.0
31 39 13.0
31 43 11.0
31 51 7.0
31 53 12.0
31 57 13.0
31 59 12.0
31 67 13.0
31 80 5.0
31 82 13.0
31 120 13.0
31 158 2.0
31 193 12.0
32 48 4.0
32 49 6.0
32 99 4.0
32 100 8.0
32 129 11.0
32 148 11.0
32 153 12.0
32 168 8.0
32 170 9.0
32 197 10.0
33 15 4.0
33 17 14.0
33 21 9.0
33 44 9.0
33 67 14.0
33 87 14.0
33 89 8.0
33 95 9.0
33 104 13.0
33 114 5.0
33 116 9.0
33 118 9.0
33 124 14.0
33 125 4.0
33 137 11.0
33 139 12.0
33 151 2.0
33 182 14.0
34 0 14.0
34 12 5.0
34 75 4.0
34 89 14.0
34 93 6.0
34 124 12.0
34 130 14.0
34 137 9.0
34 139 8.0
34 162 1.0
34 166 12.0
34 192 6.0
35 73 4.0
35 84 12.0
35 92 13.0
35 103 11.0
35 136 8.0
35 145 4.0
35 156 8.0
35 167 6.0
35 183 6.0
36 38 13.0
36 69 8.0
36 79 11.0
36 81 12.0
36 90 1.0
36 133 8.0
36 144 10.0
36 146 11.0
36 191 13.0
36 198 13.0
37 27 5.0
37 42 9.0
37 50 10.0
37 76 10.0
37 101 9.0
37 110 10.0
37 119 11.0
37 149 10.0
37 164 9.0
37 175 10.0
37 178 4.0
38 36 13.0
38 48 14.0
38 79 6.0
38 81 13.0
38 90 14.0
38 99 13.0
38 100 11.0
38 105 11.0
38 165 7.0
38 168 10.0
38 194 7.0
38 197 10.0
38 198 13.0
39 1 12.0
39 6 11.0
39 7 6.0
39 20 4.0
39 24 6.0
39 31 13.0
39 46 12.0
39 51 6.0
39 53 4.0
39 62 12.0
39 80 8.0
39 82 13.0
39 91 10.0
39 120 11.0
39 122 2.0
39 128 8.0
39 161 12.0
40 11 14.0
40 63 11.0
40 65 6.0
40 94 8.0
40 97 6.0
40 102 12.0
40 115 13.0
40 123 14.0
40 138 9.0
40 143 13.0
40 152 5.0
41 3 2.0
41 19 12.0
41 45 7.0
41 56 10.0
41 64 7.0
41 70 14.0
41 111 7.0
41 154 8.0
41 157 11.0
41 179 8.0
41 195 11.0
42 19 7.0
42 27 9.0
42 37 9.0
42 50 4.0
42 64 12.0
42 85 12.0
42 119 10.0
42 149 3.0
42 164 4.0
42 175 14.0
42 178 14.0
42 179 13.0
42 195 7.0
43 6 12.0
43 9 11.0
43 10 10.0
43 28 7.0
43 31 11.0
43 59 4.0
43 106 10.0
43 158 9.0
43 188 11.0
44 10 14.0
44 15 13.0
44 21 14.0
44 30 13.0
44 33 9.0
44 67 6.0
44 87 13.0
44 89 14.0
44 95 3.0
44 114 14.0
44 116 14.0
44 118 7.0
44 125 9.0
44 151 11.0
45 3 7.0
45 41 7.0
45 64 13.0
45 70 7.0
45 111 14.0
45 154 6.0
45 161 12.0
45 179 14.0
46 20 14.0
46 22 13.0
46 24 8.0
46 39 12.0
46 70 11.0
46 113 9.0
46 122 13.0
46 161 3.0
46 196 9.0
47 4 12.0
47 61 13.0
47 135 13.0
47 186 7.0
47 189 5.0
48 32 4.0
48 38 14.0
48 49 10.0
48 68 11.0
48 99 1.0
48 100 8.0
48 127 11.0
48 129 13.0
48 148 7.0
48 168 4.0
48 170 10.0
48 194 11.0
48 197 6.0
49 32 6.0
49 48 10.0
49 99 9.0
49 100 9.0
49 129 14.0
49 153 10.0
49 168 13.0
49 170 12.0
50 19 8.0
50 27 12.0
50 37 10.0
50 42 4.0
50 64 14.0
50 85 10.0
50 119 6.0
50 149 1.0
50 164 8.0
50 175 10.0
50 178 14.0
50 179 14.0
50 195 9.0
51 1 7.0
51 6 6.0
51 7 10.0
51 20 8.0
51 24 8.0
51 31 7.0
51 39 6.0
51 53 5.0
51 57 12.0
51 62 14.0
51 80 2.0
51 82 10.0
51 91 12.0
51 120 9.0
51 122 7.0
51 128 11.0
51 158 9.0
51 193 13.0
52 14 3.0
52 18 14.0
52 29 13.0
52 71 10.0
52 86 7.0
52 103 13.0
52 107 8.0
52 108 12.0
52 134 6.0
52 177 11.0
52 185 11.0
53 1 8.0
53 6 11.0
53 7 5.0
53 20 4.0
53 24 9.0
53 31 12.0
53 39 4.0
53 51 5.0
53 57 11.0
53 62 9.0
53 80 7.0
53 82 9.0
53 91 7.0
53 120 7.0
53 122 4.0
53 128 6.0
53 158 14.0
54 5 9.0
54 14 14.0
54 62 11.0
54 71 12.0
54 86 9.0
54 91 14.0
54 150 14.0
54 177 4.0
54 185 9.0
55 23 8.0
55 25 12.0
55 26 9.0
55 112 13.0
55 115 8.0
55 140 12.0
55 155 7.0
55 159 14.0
55 160 13.0
55 169 1.0
56 3 12.0
56 13 13.0
56 41 10.0
56 64 14.0
56 111 4.0
56 121 11.0
56 131 12.0
56 150 5.0
56 154 11.0
56 157 4.0
56 171 6.0
56 174 5.0
57 1 6.0
57 5 9.0
57 6 14.0
57 7 14.0
57 20 14.0
57 30 8.0
57 31 13.0
57 51 12.0
57 53 11.0
57 62 11.0
57 67 9.0
57 80 13.0
57 82 2.0
57 91 11.0
57 95 13.0
57 118 13.0
57 120 5.0
57 128 13.0
57 184 4.0
58 4 13.0
58 61 9.0
58 96 11.0
58 126 13.0
58 132 9.0
58 135 9.0
58 186 14.0
59 6 12.0
59 9 9.0
59 10 14.0
59 28 6.0
59 31 12.0
59 43 4.0
59 106 9.0
59 142 13.0
59 158 9.0
59 188 9.0
59 193 12.0
60 0 8.0
60 77 0.0
60 96 10.0
60 126 8.0
60 130 13.0
61 4 4.0
61 47 13.0
61 58 9.0
61 135 0.0
61 186 6.0
61 189 9.0
62 1 13.0
62 5 9.0
62 7 6.0
62 20 9.0
62 39 12.0
62 51 14.0
62 53 9.0
62 54 11.0
62 57 11.0
62 82 9.0
62 91 2.0
62 120 7.0
62 122 10.0
62 128 4.0
62 177 14.0
62 184 12.0
63 2 8.0
63 40 11.0
63 65 5.0
63 78 12.0
63 94 7.0
63 97 6.0
63 102 14.0
63 109 11.0
63 112 11.0
63 115 8.0
63 143 3.0
63 152 13.0
63 160 8.0
64 3 6.0
64 19 6.0
64 41 7.0
64 42 12.0
64 45 13.0
64 50 14.0
64 56 14.0
64 85 9.0
64 111 9.0
64 149 13.0
64 157 12.0
64 164 14.0
64 179 3.0
64 195 5.0
65 2 13.0
65 40 6.0
65 63 5.0
65 94 8.0
65 97 6.0
65 102 14.0
65 115 7.0
65 123 14.0
65 138 14.0
65 143 8.0
65 152 10.0
65 160 12.0
65 169 14.0
66 69 11.0
66 79 12.0
66 83 5.0
66 88 5.0
66 105 14.0
66 165 13.0
66 199 2.0
67 1 9.0
67 17 14.0
67 30 9.0
67 31 13.0
67 33 14.0
67 44 6.0
67 57 9.0
67 82 10.0
67 95 5.0
67 118 8.0
67 120 13.0
67 125 12.0
67 158 14.0
67 184 10.0
68 48 11.0
68 84 12.0
68 92 10.0
68 98 14.0
68 99 13.0
68 117 9.0
68 127 0.0
68 148 4.0
68 168 11.0
68 170 14.0
68 190 14.0
68 194 13.0
68 197 10.0
68 198 13.0
69 36 8.0
69 66 11.0
69 79 9.0
69 90 9.0
69 199 11.0
70 3 13.0
70 41 14.0
70 45 7.0
70 46 11.0
70 154 13.0
70 161 9.0
71 14 7.0
71 18 9.0
71 52 10.0
71 54 12.0
71 86 11.0
71 107 9.0
71 138 11.0
71 177 10.0
71 180 5.0
71 185 4.0
72 8 5.0
72 74 6.0
72 101 11.0
72 147 11.0
73 35 4.0
73 84 9.0
73 92 9.0
73 98 12.0
73 136 12.0
73 145 4.0
73 156 6.0
73 167 7.0
73 183 1.0
74 8 11.0
74 72 6.0
74 101 9.0
74 147 14.0
74 178 10.0
75 0 10.0
75 12 10.0
75 34 4.0
75 93 4.0
75 124 12.0
75 130 10.0
75 137 13.0
75 139 10.0
75 162 5.0
75 166 9.0
75 172 14.0
75 192 10.0
76 2 14.0
76 27 6.0
76 37 10.0
76 78 7.0
76 101 9.0
76 109 9.0
76 110 0.0
76 147 13.0
76 164 11.0
76 178 11.0
76 187 4.0
77 0 8.0
77 60 0.0
77 96 10.0
77 126 8.0
77 130 13.0
78 2 7.0
78 27 13.0
78 63 12.0
78 76 7.0
78 94 14.0
78 101 12.0
78 109 5.0
78 110 7.0
78 112 13.0
78 143 9.0
78 147 9.0
78 160 12.0
78 187 5.0
79 36 11.0
79 38 6.0
79 66 12.0
79 69 9.0
79 88 14.0
79 90 12.0
79 105 10.0
79 165 6.0
79 194 13.0
79 199 13.0
80 1 7.0
80 6 4.0
80 7 12.0
80 20 10.0
80 24 9.0
80 31 5.0
80 39 8.0
80 51 2.0
80 53 7.0
80 57 13.0
80 82 11.0
80 91 14.0
80 120 11.0
80 122 9.0
80 128 13.0
80 158 7.0
80 193 12.0
81 11 12.0
81 36 12.0
81 38 13.0
81 90 12.0
81 117 9.0
81 123 14.0
81 133 8.0
81 144 5.0
81 146 11.0
81 148 14.0
81 191 9.0
81 194 8.0
81 197 13.0
81 198 1.0
82 1 5.0
82 5 9.0
82 6 13.0
82 7 11.0
82 20 12.0
82 30 10.0
82 31 13.0
82 39 13.0
82 51 10.0
82 53 9.0
82 57 2.0
82 62 9.0
82 67 10.0
82 80 11.0
82 91 9.0
82 120 3.0
82 122 13.0
82 128 11.0
82 184 6.0
83 66 5.0
83 88 3.0
83 105 14.0
83 199 6.0
84 35 12.0
84 68 12.0
84 73 9.0
84 92 10.0
84 108 9.0
84 127 12.0
84 145 9.0
84 156 4.0
84 173 8.0
84 176 10.0
84 183 9.0
84 190 10.0
85 3 14.0
85 19 7.0
85 42 12.0
85 50 10.0
85 64 9.0
85 119 12.0
85 149 10.0
85 179 7.0
85 195 8.0
86 5 9.0
86 14 8.0
86 17 13.0
86 29 12.0
86 30 14.0
86 52 7.0
86 54 9.0
86 71 11.0
86 107 14.0
86 134 10.0
86 177 5.0
86 184 14.0
86 185 9.0
87 10 10.0
87 33 14.0
87 44 13.0
87 89 11.0
87 151 14.0
87 182 4.0
88 66 5.0
88 79 14.0
88 83 3.0
88 105 11.0
88 165 13.0
88 199 7.0
89 12 10.0
89 15 7.0
89 33 8.0
89 34 14.0
89 44 14.0
89 87 11.0
89 114 7.0
89 125 12.0
89 137 5.0
89 139 10.0
89 151 6.0
89 162 14.0
89 182 9.0
89 192 12.0
90 36 1.0
90 38 14.0
90 69 9.0
90 79 12.0
90 81 12.0
90 133 7.0
90 144 9.0
90 146 10.0
90 191 12.0
90 198 13.0
91 1 12.0
91 5 11.0
91 7 4.0
91 20 7.0
91 39 10.0
91 51 12.0
91 53 7.0
91 54 14.0
91 57 11.0
91 62 2.0
91 80 14.0
91 82 9.0
91 120 7.0
91 122 8.0
91 128 2.0
91 154 14.0
91 184 13.0
92 35 13.0
92 68 10.0
92 73 9.0
92 84 10.0
92 98 6.0
92 127 10.0
92 129 10.0
92 145 12.0
92 148 12.0
92 156 9.0
92 167 13.0
92 170 10.0
92 183 7.0
93 0 13.0
93 12 11.0
93 34 6.0
93 75 4.0
93 114 14.0
93 124 8.0
93 130 11.0
93 137 12.0
93 139 7.0
93 162 7.0
93 163 14.0
93 166 6.0
93 172 11.0
93 192 12.0
94 2 13.0
94 13 14.0
94 40 8.0
94 63 7.0
94 65 8.0
94 78 14.0
94 97 2.0
94 102 7.0
94 109 9.0
94 115 14.0
94 138 10.0
94 143 7.0
94 152 7.0
95 15 13.0
95 17 12.0
95 21 12.0
95 29 14.0
95 30 10.0
95 33 9.0
95 44 3.0
95 57 13.0
95 67 5.0
95 114 14.0
95 116 12.0
95 118 4.0
95 125 7.0
95 151 11.0
95 184 13.0
96 58 11.0
96 60 10.0
96 77 10.0
96 126 2.0
96 132 5.0
97 2 13.0
97 40 6.0
97 63 6.0
97 65 6.0
97 94 2.0
97 102 9.0
97 109 11.0
97 115 12.0
97 138 10.0
97 143 7.0
97 152 7.0
97 160 14.0
98 68 14.0
98 73 12.0
98 92 6.0
98 127 14.0
98 129 4.0
98 153 13.0
98 167 13.0
98 170 6.0
98 183 11.0
99 32 4.0
99 38 13.0
99 48 1.0
99 49 9.0
99 68 13.0
99 100 7.0
99 127 13.0
99 129 14.0
99 148 8.0
99 168 4.0
99 170 11.0
99 194 11.0
99 197 6.0
100 32 8.0
100 38 11.0
100 48 8.0
100 49 9.0
100 99 7.0
100 105 11.0
100 165 11.0
100 168 8.0
100 194 13.0
100 197 10.0
101 8 14.0
101 27 9.0
101 37 9.0
101 72 11.0
101 74 9.0
101 76 9.0
101 78 12.0
101 110 9.0
101 147 10.0
101 178 6.0
101 187 12.0
102 13 9.0
102 40 12.0
102 63 14.0
102 65 14.0
102 94 7.0
102 97 9.0
102 109 11.0
102 121 10.0
102 131 9.0
102 138 9.0
102 143 13.0
102 152 8.0
102 180 11.0
103 35 11.0
103 52 13.0
103 104 13.0
103 108 14.0
103 134 9.0
103 136 4.0
103 145 11.0
103 156 14.0
104 15 12.0
104 17 6.0
104 21 4.0
104 29 6.0
104 30 13.0
104 33 13.0
104 103 13.0
104 114 12.0
104 116 4.0
104 118 11.0
104 124 13.0
104 125 10.0
104 134 11.0
104 151 13.0
105 38 11.0
105 66 14.0
105 79 10.0
105 83 14.0
105 88 11.0
105 100 11.0
105 165 5.0
106 9 4.0
106 10 14.0
106 28 3.0
106 43 10.0
106 59 9.0
106 142 10.0
106 181 13.0
106 188 4.0
107 14 6.0
107 18 7.0
107 52 8.0
107 71 9.0
107 86 14.0
107 108 6.0
107 134 13.0
107 173 8.0
107 176 8.0
107 180 12.0
107 185 12.0
107 190 13.0
108 14 12.0
108 18 11.0
108 52 12.0
108 84 9.0
108 103 14.0
108 107 6.0
108 145 13.0
108 156 10.0
108 173 3.0
108 176 6.0
108 190 9.0
109 2 10.0
109 13 12.0
109 63 11.0
109 76 9.0
109 78 5.0
109 94 9.0
109 97 11.0
109 102 11.0
109 110 9.0
109 121 13.0
109 131 14.0
109 143 8.0
109 147 14.0
109 160 14.0
109 187 5.0
110 2 14.0
110 27 6.0
110 37 10.0
110 76 0.0
110 78 7.0
110 101 9.0
110 109 9.0
110 147 13.0
110 164 11.0
110 178 11.0
110 187 4.0
111 3 9.0
111 19 12.0
111 41 7.0
111 45 14.0
111 56 4.0
111 64 9.0
111 121 13.0
111 150 10.0
111 154 11.0
111 157 4.0
111 164 14.0
111 171 9.0
111 174 9.0
111 179 12.0
111 195 11.0
112 2 7.0
112 8 14.0
112 25 10.0
112 55 13.0
112 63 11.0
112 78 13.0
112 115 11.0
112 140 4.0
112 143 11.0
112 147 9.0
112 155 8.0
112 159 7.0
112 160 3.0
112 169 14.0
113 22 5.0
113 24 9.0
113 46 9.0
113 141 7.0
113 161 12.0
113 193 7.0
113 196 3.0
114 12 13.0
114 15 1.0
114 21 9.0
114 33 5.0
114 44 14.0
114 89 7.0
114 93 14.0
114 95 14.0
114 104 12.0
114 116 8.0
114 118 12.0
114 124 9.0
114 125 7.0
114 137 9.0
114 139 8.0
114 151 3.0
115 2 12.0
115 40 13.0
115 55 8.0
115 63 8.0
115 65 7.0
115 94 14.0
115 97 12.0
115 112 11.0
115 123 14.0
115 140 13.0
115 143 10.0
115 155 10.0
115 160 9.0
115 169 8.0
116 15 8.0
116 17 7.0
116 21 1.0
116 29 9.0
116 30 13.0
116 33 9.0
116 44 14.0
116 95 12.0
116 104 4.0
116 114 8.0
116 118 8.0
116 124 12.0
116 125 6.0
116 139 14.0
116 151 9.0
117 11 13.0
117 68 9.0
117 81 9.0
117 127 9.0
117 144 12.0
117 148 12.0
117 176 14.0
117 190 10.0
117 191 14.0
117 194 13.0
117 197 14.0
117 198 8.0
118 15 11.0
118 17 8.0
118 21 8.0
118 29 10.0
118 30 8.0
118 33 9.0
118 44 7.0
118 57 13.0
118 67 8.0
118 95 4.0
118 104 11.0
118 114 12.0
118 116 8.0
118 125 5.0
118 151 11.0
118 184 11.0
119 19 13.0
119 37 11.0
119 42 10.0
119 50 6.0
119 85 12.0
119 149 7.0
119 164 13.0
119 175 6.0
119 178 14.0
119 195 14.0
120 1 6.0
120 5 9.0
120 6 14.0
120 7 9.0
120 20 9.0
120 30 12.0
120 31 13.0
120 39 11.0
120 51 9.0
120 53 7.0
120 57 5.0
120 62 7.0
120 67 13.0
120 80 11.0
120 82 3.0
120 91 7.0
120 122 10.0
120 128 8.0
120 184 8.0
121 13 2.0
121 56 11.0
121 102 10.0
121 109 13.0
121 111 13.0
121 131 3.0
121 150 10.0
121 157 10.0
121 171 6.0
121 174 9.0
121 187 13.0
122 1 12.0
122 6 13.0
122 7 4.0
122 20 1.0
122 24 8.0
122 39 2.0
122 46 13.0
122 51 7.0
122 53 4.0
122 62 10.0
122 80 9.0
122 82 13.0
122 91 8.0
122 120 10.0
122 128 6.0
122 154 14.0
122 161 13.0
123 11 3.0
123 23 14.0
123 40 14.0
123 65 14.0
123 81 14.0
123 115 14.0
123 133 10.0
123 144 10.0
123 146 7.0
123 169 14.0
123 191 5.0
124 12 14.0
124 15 10.0
124 21 13.0
124 33 14.0
124 34 12.0
124 75 12.0
124 93 8.0
124 104 13.0
124 114 9.0
124 116 12.0
124 137 13.0
124 139 6.0
124 151 13.0
124 162 13.0
124 163 14.0
124 166 10.0
124 172 11.0
125 15 6.0
125 17 10.0
125 21 6.0
125 29 12.0
125 30 12.0
125 33 4.0
125 44 9.0
125 67 12.0
125 89 12.0
125 95 7.0
125 104 10.0
125 114 7.0
125 116 6.0
125 118 5.0
125 151 6.0
126 58 13.0
126 60 8.0
126 77 8.0
126 96 2.0
126 132 8.0
127 48 11.0
127 68 0.0
127 84 12.0
127 92 10.0
127 98 14.0
127 99 13.0
127 117 9.0
127 148 4.0
127 168 11.0
127 170 14.0
127 190 14.0
127 194 13.0
127 197 10.0
127 198 13.0
128 1 13.0
128 5 13.0
128 7 2.0
128 20 5.0
128 24 14.0
128 39 8.0
128 51 11.0
128 53 6.0
128 57 13.0
128 62 4.0
128 80 13.0
128 82 11.0
128 91 2.0
128 120 8.0
128 122 6.0
128 154 13.0
129 32 11.0
129 48 13.0
129 49 14.0
129 92 10.0
129 98 4.0
129 99 14.0
129 148 14.0
129 153 9.0
129 170 3.0
130 0 5.0
130 34 14.0
130 60 13.0
130 75 10.0
130 77 13.0
130 93 11.0
130 163 11.0
130 166 7.0
130 172 10.0
131 13 2.0
131 56 12.0
131 102 9.0
131 109 14.0
131 121 3.0
131 150 9.0
131 157 11.0
131 171 6.0
131 174 8.0
132 58 9.0
132 96 5.0
132 126 8.0
133 11 10.0
133 36 8.0
133 81 8.0
133 90 7.0
133 123 10.0
133 144 3.0
133 146 4.0
133 191 5.0
133 194 14.0
133 198 9.0
134 14 9.0
134 17 11.0
134 21 14.0
134 29 9.0
134 52 6.0
134 86 10.0
134 103 9.0
134 104 11.0
134 107 13.0
134 136 13.0
135 4 4.0
135 47 13.0
135 58 9.0
135 61 0.0
135 186 6.0
135 189 9.0
136 35 8.0
136 73 12.0
136 103 4.0
136 134 13.0
136 145 9.0
136 156 13.0
136 167 13.0
136 183 13.0
137 12 5.0
137 15 9.0
137 33 11.0
137 34 9.0
137 75 13.0
137 89 5.0
137 93 12.0
137 114 9.0
137 124 13.0
137 139 6.0
137 151 9.0
137 162 9.0
137 182 13.0
137 192 7.0
138 18 9.0
138 40 9.0
138 65 14.0
138 71 11.0
138 94 10.0
138 97 10.0
138 102 9.0
138 152 4.0
138 180 6.0
138 185 13.0
139 12 8.0
139 15 9.0
139 33 12.0
139 34 8.0
139 75 10.0
139 89 10.0
139 93 7.0
139 114 8.0
139 116 14.0
139 124 6.0
139 137 6.0
139 151 10.0
139 162 9.0
139 166 13.0
139 192 10.0
140 2 11.0
140 8 14.0
140 25 6.0
140 55 12.0
140 112 4.0
140 115 13.0
140 147 11.0
140 155 6.0
140 159 3.0
140 160 7.0
140 169 14.0
141 22 2.0
141 113 7.0
141 193 9.0
141 196 7.0
142 9 6.0
142 28 11.0
142 59 13.0
142 106 10.0
142 181 4.0
142 188 6.0
143 2 6.0
143 40 13.0
143 63 3.0
143 65 8.0
143 78 9.0
143 94 7.0
143 97 7.0
143 102 13.0
143 109 8.0
143 112 11.0
143 115 10.0
143 147 13.0
143 152 14.0
143 160 8.0
143 187 12.0
144 11 9.0
144 36 10.0
144 81 5.0
144 90 9.0
144 117 12.0
144 123 10.0
144 133 3.0
144 146 6.0
144 191 5.0
144 194 13.0
144 198 6.0
145 35 4.0
145 73 4.0
145 84 9.0
145 92 12.0
145 103 11.0
145 108 13.0
145 136 9.0
145 156 5.0
145 167 9.0
145 173 14.0
145 183 5.0
146 11 8.0
146 23 13.0
146 26 14.0
146 36 11.0
146 81 11.0
146 90 10.0
146 123 7.0
146 133 4.0
146 144 6.0
146 191 3.0
146 198 12.0
147 2 8.0
147 8 9.0
147 72 11.0
147 74 14.0
147 76 13.0
147 78 9.0
147 101 10.0
147 109 14.0
147 110 13.0
147 112 9.0
147 140 11.0
147 143 13.0
147 159 12.0
147 160 10.0
147 187 13.0
148 32 11.0
148 48 7.0
148 68 4.0
148 81 14.0
148 92 12.0
148 99 8.0
148 117 12.0
148 127 4.0
148 129 14.0
148 168 7.0
148 170 12.0
148 194 10.0
148 197 6.0
148 198 13.0
149 19 7.0
149 27 11.0
149 37 10.0
149 42 3.0
149 50 1.0
149 64 13.0
149 85 10.0
149 119 7.0
149 164 7.0
149 175 12.0
149 178 14.0
149 179 13.0
149 195 8.0
150 13 11.0
150 54 14.0
150 56 5.0
150 111 10.0
150 121 10.0
150 131 9.0
150 154 13.0
150 157 8.0
150 171 5.0
150 174 2.0
151 12 14.0
151 15 2.0
151 21 10.0
151 33 2.0
151 44 11.0
151 87 14.0
151 89 6.0
151 95 11.0
151 104 13.0
151 114 3.0
151 116 9.0
151 118 11.0
151 124 13.0
151 125 6.0
151 137 9.0
151 139 10.0
151 182 14.0
152 18 12.0
152 40 5.0
152 63 13.0
152 65 10.0
152 94 7.0
152 97 7.0
152 102 8.0
152 138 4.0
152 143 14.0
152 180 10.0
153 32 12.0
153 49 10.0
153 98 13.0
153 129 9.0
153 170 9.0
154 3 9.0
154 7 12.0
154 20 13.0
154 41 8.0
154 45 6.0
154 56 11.0
154 70 13.0
154 91 14.0
154 111 11.0
154 122 14.0
154 128 13.0
154 150 13.0
154 157 14.0
154 174 14.0
155 2 14.0
155 23 14.0
155 25 6.0
155 26 14.0
155 55 7.0
155 112 8.0
155 115 10.0
155 140 6.0
155 159 8.0
155 160 9.0
155 169 8.0
156 35 8.0
156 73 6.0
156 84 4.0
156 92 9.0
156 103 14.0
156 108 10.0
156 136 13.0
156 145 5.0
156 167 13.0
156 173 11.0
156 176 13.0
156 183 6.0
156 190 14.0
157 3 13.0
157 13 12.0
157 19 13.0
157 41 11.0
157 56 4.0
157 64 12.0
157 111 4.0
157 121 10.0
157 131 11.0
157 150 8.0
157 154 14.0
157 164 13.0
157 171 6.0
157 174 7.0
157 195 12.0
158 1 10.0
158 6 3.0
158 24 14.0
158 31 2.0
158 43 9.0
158 51 9.0
158 53 14.0
158 59 9.0
158 67 14.0
158 80 7.0
158 193 11.0
159 2 13.0
159 8 12.0
159 25 4.0
159 55 14.0
159 112 7.0
159 140 3.0
159 147 12.0
159 155 8.0
159 160 10.0
160 2 5.0
160 25 12.0
160 55 13.0
160 63 8.0
160 65 12.0
160 78 12.0
160 97 14.0
160 109 14.0
160 112 3.0
160 115 9.0
160 140 7.0
160 143 8.0
160 147 10.0
160 155 9.0
160 159 10.0
160 169 13.0
161 20 14.0
161 24 9.0
161 39 12.0
161 45 12.0
161 46 3.0
161 70 9.0
161 113 12.0
161 122 13.0
161 196 11.0
162 0 14.0
162 12 5.0
162 34 1.0
162 75 5.0
162 89 14.0
162 93 7.0
162 124 13.0
162 137 9.0
162 139 9.0
162 166 13.0
162 192 5.0
163 93 14.0
163 124 14.0
163 130 11.0
163 166 8.0
163 172 3.0
164 19 9.0
164 27 7.0
164 37 9.0
164 42 4.0
164 50 8.0
164 64 14.0
164 76 11.0
164 110 11.0
164 111 14.0
164 119 13.0
164 149 7.0
164 157 13.0
164 178 13.0
164 187 14.0
164 195 9.0
165 38 7.0
165 66 13.0
165 79 6.0
165 88 13.0
165 100 11.0
165 105 5.0
165 168 14.0
165 194 14.0
166 0 11.0
166 34 12.0
166 75 9.0
166 93 6.0
166 124 10.0
166 130 7.0
166 139 13.0
166 162 13.0
166 163 8.0
166 172 5.0
167 35 6.0
167 73 7.0
167 92 13.0
167 98 13.0
167 136 13.0
167 145 9.0
167 156 13.0
167 183 8.0
168 32 8.0
168 38 10.0
168 48 4.0
168 49 13.0
168 68 11.0
168 99 4.0
168 100 8.0
168 127 11.0
168 148 7.0
168 165 14.0
168 170 14.0
168 194 7.0
168 197 2.0
168 198 13.0
169 23 8.0
169 25 13.0
169 26 8.0
169 55 1.0
169 65 14.0
169 112 14.0
169 115 8.0
169 123 14.0
169 140 14.0
169 155 8.0
169 160 13.0
170 32 9.0
170 48 10.0
170 49 12.0
170 68 14.0
170 92 10.0
170 98 6.0
170 99 11.0
170 127 14.0
170 129 3.0
170 148 12.0
170 153 9.0
170 168 14.0
171 13 7.0
171 56 6.0
171 111 9.0
171 121 6.0
171 131 6.0
171 150 5.0
171 157 6.0
171 174 3.0
172 75 14.0
172 93 11.0
172 124 11.0
172 130 10.0
172 163 3.0
172 166 5.0
173 14 14.0
173 18 10.0
173 84 8.0
173 107 8.0
173 108 3.0
173 145 14.0
173 156 11.0
173 176 3.0
173 190 6.0
174 13 9.0
174 56 5.0
174 111 9.0
174 121 9.0
174 131 8.0
174 150 2.0
174 154 14.0
174 157 7.0
174 171 3.0
175 37 10.0
175 42 14.0
175 50 10.0
175 119 6.0
175 149 12.0
175 178 11.0
176 18 8.0
176 84 10.0
176 107 8.0
176 108 6.0
176 117 14.0
176 156 13.0
176 173 3.0
176 190 4.0
177 5 9.0
177 14 10.0
177 52 11.0
177 54 4.0
177 62 14.0
177 71 10.0
177 86 5.0
177 180 14.0
177 185 7.0
178 27 8.0
178 37 4.0
178 42 14.0
178 50 14.0
178 74 10.0
178 76 11.0
178 101 6.0
178 110 11.0
178 119 14.0
178 149 14.0
178 164 13.0
178 175 11.0
179 3 7.0
179 19 7.0
179 41 8.0
179 42 13.0
179 45 14.0
179 50 14.0
179 64 3.0
179 85 7.0
179 111 12.0
179 149 13.0
179 195 6.0
180 14 12.0
180 18 8.0
180 71 5.0
180 102 11.0
180 107 12.0
180 138 6.0
180 152 10.0
180 177 14.0
180 185 7.0
181 9 9.0
181 28 14.0
181 106 13.0
181 142 4.0
181 188 9.0
182 33 14.0
182 87 4.0
182 89 9.0
182 137 13.0
182 151 14.0
183 35 6.0
183 73 1.0
183 84 9.0
183 92 7.0
183 98 11.0
183 136 13.0
183 145 5.0
183 156 6.0
183 167 8.0
184 1 10.0
184 5 6.0
184 17 11.0
184 29 12.0
184 30 4.0
184 57 4.0
184 62 12.0
184 67 10.0
184 82 6.0
184 86 14.0
184 91 13.0
184 95 13.0
184 118 11.0
184 120 8.0
185 14 8.0
185 18 12.0
185 52 11.0
185 54 9.0
185 71 4.0
185 86 9.0
185 107 12.0
185 138 13.0
185 177 7.0
185 180 7.0
186 4 5.0
186 47 7.0
186 58 14.0
186 61 6.0
186 135 6.0
186 189 2.0
187 2 12.0
187 13 13.0
187 27 10.0
187 76 4.0
187 78 5.0
187 101 12.0
187 109 5.0
187 110 4.0
187 121 13.0
187 143 12.0
187 147 13.0
187 164 14.0
188 9 0.0
188 28 5.0
188 43 11.0
188 59 9.0
188 106 4.0
188 142 6.0
188 181 9.0
189 4 7.0
189 47 5.0
189 61 9.0
189 135 9.0
189 186 2.0
190 18 11.0
190 68 14.0
190 84 10.0
190 107 13.0
190 108 9.0
190 117 10.0
190 127 14.0
190 156 14.0
190 173 6.0
190 176 4.0
191 11 5.0
191 36 13.0
191 81 9.0
191 90 12.0
191 117 14.0
191 123 5.0
191 133 5.0
191 144 5.0
191 146 3.0
191 198 11.0
192 12 2.0
192 34 6.0
192 75 10.0
192 89 12.0
192 93 12.0
192 137 7.0
192 139 10.0
192 162 5.0
193 6 10.0
193 22 8.0
193 24 11.0
193 31 12.0
193 51 13.0
193 59 12.0
193 80 12.0
193 113 7.0
193 141 9.0
193 158 11.0
193 196 10.0
194 38 7.0
194 48 11.0
194 68 13.0
194 79 13.0
194 81 8.0
194 99 11.0
194 100 13.0
194 117 13.0
194 127 13.0
194 133 14.0
194 144 13.0
194 148 10.0
194 165 14.0
194 168 7.0
194 197 6.0
194 198 7.0
195 3 11.0
195 19 1.0
195 41 11.0
195 42 7.0
195 50 9.0
195 64 5.0
195 85 8.0
195 111 11.0
195 119 14.0
195 149 8.0
195 157 12.0
195 164 9.0
195 179 6.0
196 22 5.0
196 24 11.0
196 46 9.0
196 113 3.0
196 141 7.0
196 161 11.0
196 193 10.0
197 32 10.0
197 38 10.0
197 48 6.0
197 68 10.0
197 81 13.0
197 99 6.0
197 100 10.0
197 117 14.0
197 127 10.0
197 148 6.0
197 168 2.0
197 194 6.0
197 198 12.0
198 11 13.0
198 36 13.0
198 38 13.0
198 68 13.0
198 81 1.0
198 90 13.0
198 117 8.0
198 127 13.0
198 133 9.0
198 144 6.0
198 146 12.0
198 148 13.0
198 168 13.0
198 191 11.0
198 194 7.0
198 197 12.0
199 66 2.0
199 69 11.0
199 79 13.0
199 83 6.0
199 88 7.0
