300
5106
0 73.0 73.0
1 48.0 15.0
2 26.0 69.0
3 11.0 37.0
4 17.0 25.0
5 61.0 97.0
6 85.0 30.0
7 20.0 10.0
8 38.0 89.0
9 6.0 3.0
10 29.0 15.0
11 40.0 3.0
12 98.0 18.0
13 74.0 51.0
14 98.0 59.0
15 22.0 32.0
16 89.0 26.0
17 82.0 48.0
18 70.0 35.0
19 83.0 48.0
20 50.0 95.0
21 31.0 100.0
22 44.0 65.0
23 6.0 9.0
24 52.0 91.0
25 40.0 52.0
26 6.0 20.0
27 91.0 6.0
28 53.0 11.0
29 75.0 96.0
30 25.0 42.0
31 8.0 78.0
32 31.0 50.0
33 88.0 69.0
34 51.0 81.0
35 79.0 64.0
36 14.0 33.0
37 63.0 21.0
38 1.0 21.0
39 97.0 91.0
40 83.0 67.0
41 29.0 44.0
42 65.0 52.0
43 47.0 66.0
44 19.0 16.0
45 78.0 78.0
46 76.0 99.0
47 99.0 54.0
48 6.0 79.0
49 10.0 32.0
50 6.0 13.0
51 74.0 43.0
52 27.0 48.0
53 77.0 97.0
54 95.0 4.0
55 15.0 25.0
56 2.0 68.0
57 19.0 37.0
58 25.0 56.0
59 11.0 49.0
60 60.0 16.0
61 99.0 80.0
62 90.0 44.0
63 59.0 31.0
64 50.0 85.0
65 82.0 40.0
66 31.0 73.0
67 45.0 20.0
68 25.0 39.0
69 13.0 59.0
70 32.0 83.0
71 1.0 49.0
72 52.0 61.0
73 6.0 40.0
74 96.0 96.0
75 66.0 35.0
76 41.0 29.0
77 24.0 100.0
78 47.0 8.0
79 35.0 97.0
80 94.0 72.0
81 26.0 84.0
82 33.0 44.0
83 5.0 9.0
84 3.0 15.0
85 15.0 7.0
86 22.0 25.0
87 35.0 0.0
88 74.0 91.0
89 96.0 14.0
90 6.0 31.0
91 75.0 81.0
92 35.0 93.0
93 53.0 83.0
94 76.0 39.0
95 48.0 56.0
96 53.0 94.0
97 79.0 2.0
98 18.0 83.0
99 75.0 36.0
100 93.0 45.0
101 30.0 95.0
102 38.0 66.0
103 78.0 79.0
104 65.0 54.0
105 91.0 97.0
106 36.0 9.0
107 11.0 18.0
108 56.0 77.0
109 66.0 78.0
110 71.0 30.0
111 96.0 48.0
112 49.0 91.0
113 37.0 68.0
114 90.0 82.0
115 68.0 86.0
116 58.0 31.0
117 45.0 58.0
118 11.0 92.0
119 47.0 28.0
120 51.0 4.0
121 1.0 54.0
122 99.0 83.0
123 5.0 58.0
124 21.0 14.0
125 20.0 14.0
126 51.0 66.0
127 87.0 97.0
128 41.0 62.0
129 33.0 5.0
130 89.0 44.0
131 3.0 87.0
132 16.0 4.0
133 40.0 49.0
134 39.0 59.0
135 8.0 45.0
136 96.0 83.0
137 82.0 48.0
138 26.0 60.0
139 27.0 40.0
140 34.0 66.0
141 60.0 11.0
142 26.0 5.0
143 1.0 82.0
144 2.0 57.0
145 34.0 22.0
146 45.0 97.0
147 51.0 6.0
148 86.0 51.0
149 64.0 13.0
150 23.0 26.0
151 100.0 14.0
152 27.0 73.0
153 93.0 47.0
154 91.0 71.0
155 88.0 95.0
156 98.0 6.0
157 69.0 10.0
158 7.0 77.0
159 70.0 33.0
160 4.0 87.0
161 65.0 72.0
162 60.0 23.0
163 92.0 82.0
164 60.0 59.0
165 48.0 75.0
166 36.0 25.0
167 75.0 67.0
168 90.0 80.0
169 87.0 42.0
170 52.0 63.0
171 61.0 34.0
172 47.0 28.0
173 30.0 27.0
174 23.0 11.0
175 88.0 54.0
176 36.0 74.0
177 60.0 47.0
178 16.0 14.0
179 9.0 78.0
180 3.0 92.0
181 26.0 62.0
182 5.0 45.0
183 78.0 67.0
184 27.0 33.0
185 21.0 99.0
186 21.0 21.0
187 43.0 63.0
188 6.0 89.0
189 21.0 34.0
190 77.0 85.0
191 44.0 68.0
192 43.0 14.0
193 31.0 82.0
194 5.0 60.0
195 3.0 55.0
196 75.0 85.0
197 99.0 44.0
198 26.0 47.0
199 32.0 16.0
200 80.0 16.0
201 91.0 34.0
202 59.0 15.0
203 21.0 26.0
204 78.0 61.0
205 34.0 69.0
206 20.0 3.0
207 80.0 91.0
208 96.0 69.0
209 73.0 99.0
210 85.0 52.0
211 29.0 81.0
212 73.0 71.0
213 10.0 7.0
214 4.0 5.0
215 67.0 89.0
216 20.0 23.0
217 94.0 13.0
218 93.0 65.0
219 84.0 70.0
220 52.0 23.0
221 13.0 62.0
222 51.0 99.0
223 75.0 25.0
224 80.0 83.0
225 85.0 64.0
226 66.0 16.0
227 62.0 53.0
228 12.0 27.0
229 48.0 41.0
230 15.0 67.0
231 62.0 98.0
232 100.0 36.0
233 17.0 77.0
234 66.0 42.0
235 45.0 34.0
236 39.0 69.0
237 28.0 93.0
238 43.0 58.0
239 51.0 81.0
240 11.0 28.0
241 17.0 79.0
242 12.0 69.0
243 89.0 54.0
244 15.0 48.0
245 85.0 61.0
246 90.0 44.0
247 18.0 67.0
248 34.0 31.0
249 43.0 90.0
250 96.0 82.0
251 91.0 63.0
252 31.0 44.0
253 62.0 74.0
254 91.0 70.0
255 10.0 29.0
256 77.0 65.0
257 48.0 90.0
258 74.0 4.0
259 20.0 30.0
260 38.0 45.0
261 22.0 51.0
262 35.0 25.0
263 51.0 51.0
264 1.0 4.0
265 95.0 14.0
266 83.0 35.0
267 65.0 51.0
268 88.0 4.0
269 34.0 52.0
270 94.0 7.0
271 88.0 65.0
272 4.0 41.0
273 80.0 25.0
274 49.0 97.0
275 32.0 89.0
276 20.0 65.0
277 78.0 31.0
278 63.0 15.0
279 16.0 62.0
280 72.0 31.0
281 90.0 11.0
282 17.0 36.0
283 66.0 6.0
284 43.0 4.0
285 35.0 43.0
286 48.0 25.0
287 44.0 8.0
288 48.0 3.0
289 69.0 60.0
290 60.0 37.0
291 27.0 35.0
292 51.0 47.0
293 87.0 52.0
294 61.0 1.0
295 49.0 32.0
296 67.0 42.0
297 30.0 64.0
298 28.0 94.0
299 76.0 40.0
0 35 11.0
0 40 12.0
0 45 7.0
0 91 8.0
0 103 8.0
0 109 9.0
0 115 14.0
0 161 8.0
0 167 6.0
0 183 8.0
0 190 13.0
0 196 12.0
0 204 13.0
0 212 2.0
0 219 11.0
0 224 12.0
0 253 11.0
0 256 9.0
0 289 14.0
1 11 14.0
1 28 6.0
1 60 12.0
1 67 6.0
1 78 7.0
1 106 13.0
1 119 13.0
1 120 11.0
1 141 13.0
1 147 9.0
1 162 14.0
1 172 13.0
1 192 5.0
1 202 11.0
1 220 9.0
1 284 12.0
1 286 10.0
1 287 8.0
1 288 12.0
2 58 13.0
2 66 6.0
2 102 12.0
2 113 11.0
2 138 9.0
2 140 9.0
2 152 4.0
2 176 11.0
2 181 7.0
2 193 14.0
2 205 8.0
2 211 12.0
2 230 11.0
2 233 12.0
2 236 13.0
2 241 13.0
2 242 14.0
2 247 8.0
2 276 7.0
2 279 12.0
2 297 6.0
3 4 13.0
3 15 12.0
3 36 5.0
3 49 5.0
3 55 13.0
3 57 8.0
3 59 12.0
3 68 14.0
3 73 6.0
3 90 8.0
3 135 9.0
3 182 10.0
3 189 10.0
3 228 10.0
3 240 9.0
3 244 12.0
3 255 8.0
3 259 11.0
3 272 8.0
3 282 6.0
4 3 13.0
4 15 9.0
4 26 12.0
4 36 9.0
4 44 9.0
4 49 10.0
4 55 2.0
4 57 12.0
4 86 5.0
4 90 13.0
4 107 9.0
4 124 12.0
4 125 11.0
4 150 6.0
4 173 13.0
4 178 11.0
4 184 13.0
4 186 6.0
4 189 10.0
4 203 4.0
4 216 4.0
4 228 5.0
4 240 7.0
4 255 8.0
4 259 6.0
4 282 11.0
4 291 14.0
5 20 11.0
5 24 11.0
5 29 14.0
5 88 14.0
5 96 9.0
5 112 13.0
5 115 13.0
5 209 12.0
5 215 10.0
5 222 10.0
5 231 1.0
5 274 12.0
6 16 6.0
6 65 10.0
6 94 13.0
6 99 12.0
6 110 14.0
6 169 12.0
6 201 7.0
6 223 11.0
6 266 5.0
6 273 7.0
6 277 7.0
6 280 13.0
6 299 13.0
7 10 10.0
7 23 14.0
7 44 6.0
7 50 14.0
7 85 6.0
7 107 12.0
7 124 4.0
7 125 4.0
7 129 14.0
7 132 7.0
7 142 8.0
7 174 3.0
7 178 6.0
7 186 11.0
7 199 13.0
7 206 7.0
7 213 10.0
7 216 13.0
8 20 13.0
8 21 13.0
8 24 14.0
8 64 13.0
8 70 8.0
8 79 9.0
8 81 13.0
8 92 5.0
8 101 10.0
8 112 11.0
8 146 11.0
8 193 10.0
8 211 12.0
8 237 11.0
8 249 5.0
8 257 10.0
8 274 14.0
8 275 6.0
8 298 11.0
9 23 6.0
9 50 10.0
9 83 6.0
9 84 12.0
9 85 10.0
9 132 10.0
9 206 14.0
9 213 6.0
9 214 3.0
9 264 5.0
10 7 10.0
10 44 10.0
10 86 12.0
10 106 9.0
10 124 8.0
10 125 9.0
10 129 11.0
10 142 10.0
10 145 9.0
10 150 13.0
10 166 12.0
10 173 12.0
10 174 7.0
10 178 13.0
10 186 10.0
10 192 14.0
10 199 3.0
10 203 14.0
10 216 12.0
10 262 12.0
11 1 14.0
11 78 9.0
11 87 6.0
11 106 7.0
11 120 11.0
11 129 7.0
11 142 14.0
11 147 11.0
11 192 11.0
11 284 3.0
11 287 6.0
11 288 8.0
12 16 12.0
12 27 14.0
12 54 14.0
12 89 4.0
12 151 4.0
12 156 12.0
12 217 6.0
12 265 5.0
12 270 12.0
12 281 11.0
13 17 9.0
13 19 9.0
13 35 14.0
13 42 9.0
13 51 8.0
13 65 14.0
13 94 12.0
13 104 9.0
13 137 9.0
13 148 12.0
13 175 14.0
13 204 11.0
13 210 11.0
13 227 12.0
13 234 12.0
13 256 14.0
13 267 9.0
13 289 10.0
13 293 13.0
13 296 11.0
13 299 11.0
14 33 14.0
14 47 5.0
14 80 14.0
14 111 11.0
14 148 14.0
14 153 13.0
14 154 14.0
14 175 11.0
14 208 10.0
14 218 8.0
14 225 14.0
14 243 10.0
14 245 13.0
14 251 8.0
14 254 13.0
14 271 12.0
14 293 13.0
15 3 12.0
15 4 9.0
15 30 10.0
15 36 8.0
15 41 14.0
15 49 12.0
15 55 10.0
15 57 6.0
15 68 8.0
15 86 7.0
15 139 9.0
15 150 6.0
15 173 9.0
15 184 5.0
15 186 11.0
15 189 2.0
15 203 6.0
15 216 9.0
15 228 11.0
15 240 12.0
15 248 12.0
15 255 12.0
15 259 3.0
15 282 6.0
15 291 6.0
16 6 6.0
16 12 12.0
16 89 14.0
16 200 13.0
16 201 8.0
16 217 14.0
16 223 14.0
16 265 13.0
16 266 11.0
16 273 9.0
16 277 12.0
17 13 9.0
17 19 1.0
17 51 9.0
17 62 9.0
17 65 8.0
17 94 11.0
17 99 14.0
17 100 11.0
17 111 14.0
17 130 8.0
17 137 0.0
17 148 5.0
17 153 11.0
17 169 8.0
17 175 8.0
17 204 14.0
17 210 5.0
17 243 9.0
17 245 13.0
17 246 9.0
17 266 13.0
17 293 6.0
17 299 10.0
18 51 9.0
18 63 12.0
18 65 13.0
18 75 4.0
18 94 7.0
18 99 5.0
18 110 5.0
18 116 13.0
18 159 2.0
18 171 9.0
18 223 11.0
18 234 8.0
18 266 13.0
18 273 14.0
18 277 9.0
18 280 4.0
18 290 10.0
18 296 8.0
18 299 8.0
19 13 9.0
19 17 1.0
19 51 10.0
19 62 8.0
19 65 8.0
19 94 11.0
19 99 14.0
19 100 10.0
19 111 13.0
19 130 7.0
19 137 1.0
19 148 4.0
19 153 10.0
19 169 7.0
19 175 8.0
19 204 14.0
19 210 4.0
19 243 8.0
19 245 13.0
19 246 8.0
19 266 13.0
19 293 6.0
19 299 11.0
20 5 11.0
20 8 13.0
20 24 4.0
20 34 14.0
20 64 10.0
20 93 12.0
20 96 3.0
20 112 4.0
20 146 5.0
20 222 4.0
20 231 12.0
20 239 14.0
20 249 9.0
20 257 5.0
20 274 2.0
21 8 13.0
21 77 7.0
21 79 5.0
21 92 8.0
21 101 5.0
21 146 14.0
21 185 10.0
21 237 8.0
21 275 11.0
21 298 7.0
22 25 14.0
22 43 3.0
22 72 9.0
22 95 10.0
22 102 6.0
22 113 8.0
22 117 7.0
22 126 7.0
22 128 4.0
22 134 8.0
22 140 10.0
22 165 11.0
22 170 8.0
22 176 12.0
22 187 2.0
22 191 3.0
22 205 11.0
22 236 6.0
22 238 7.0
22 297 14.0
23 7 14.0
23 9 6.0
23 26 11.0
23 38 13.0
23 50 4.0
23 83 1.0
23 84 7.0
23 85 9.0
23 107 10.0
23 132 11.0
23 178 11.0
23 213 4.0
23 214 4.0
23 264 7.0
24 5 11.0
24 8 14.0
24 20 4.0
24 34 10.0
24 64 6.0
24 93 8.0
24 96 3.0
24 112 3.0
24 146 9.0
24 222 8.0
24 231 12.0
24 239 10.0
24 249 9.0
24 257 4.0
24 274 7.0
25 22 14.0
25 32 9.0
25 41 14.0
25 52 14.0
25 82 11.0
25 95 9.0
25 102 14.0
25 117 8.0
25 128 10.0
25 133 3.0
25 134 7.0
25 187 11.0
25 229 14.0
25 238 7.0
25 252 12.0
25 260 7.0
25 263 11.0
25 269 6.0
25 285 10.0
25 292 12.0
26 4 12.0
26 23 11.0
26 38 5.0
26 44 14.0
26 49 13.0
26 50 7.0
26 55 10.0
26 83 11.0
26 84 6.0
26 90 11.0
26 107 5.0
26 178 12.0
26 213 14.0
26 216 14.0
26 228 9.0
26 240 9.0
26 255 10.0
27 12 14.0
27 54 4.0
27 89 9.0
27 97 13.0
27 151 12.0
27 156 7.0
27 217 8.0
27 265 9.0
27 268 4.0
27 270 3.0
27 281 5.0
28 1 6.0
28 37 14.0
28 60 9.0
28 67 12.0
28 78 7.0
28 120 7.0
28 141 7.0
28 147 5.0
28 149 11.0
28 162 14.0
28 192 10.0
28 202 7.0
28 220 12.0
28 226 14.0
28 278 11.0
28 283 14.0
28 284 12.0
28 287 9.0
28 288 9.0
28 294 13.0
29 5 14.0
29 46 3.0
29 53 2.0
29 88 5.0
29 115 12.0
29 127 12.0
29 155 13.0
29 190 11.0
29 196 11.0
29 207 7.0
29 209 4.0
29 215 11.0
29 224 14.0
29 231 13.0
30 15 10.0
30 32 10.0
30 36 14.0
30 41 4.0
30 52 6.0
30 57 8.0
30 58 14.0
30 68 3.0
30 82 8.0
30 139 3.0
30 184 9.0
30 189 9.0
30 198 5.0
30 244 12.0
30 248 14.0
30 252 6.0
30 259 13.0
30 260 13.0
30 261 9.0
30 269 13.0
30 282 10.0
30 285 10.0
30 291 7.0
31 48 2.0
31 56 12.0
31 98 11.0
31 118 14.0
31 131 10.0
31 143 8.0
31 158 1.0
31 160 10.0
31 179 1.0
31 188 11.0
31 230 13.0
31 233 9.0
31 241 9.0
31 242 10.0
32 25 9.0
32 30 10.0
32 41 6.0
32 52 4.0
32 58 8.0
32 68 13.0
32 82 6.0
32 133 9.0
32 134 12.0
32 138 11.0
32 139 11.0
32 181 13.0
32 198 6.0
32 238 14.0
32 252 6.0
32 260 9.0
32 261 9.0
32 269 4.0
32 285 8.0
32 297 14.0
33 14 14.0
33 35 10.0
33 40 5.0
33 45 13.0
33 80 7.0
33 103 14.0
33 114 13.0
33 154 4.0
33 163 14.0
33 167 13.0
33 168 11.0
33 183 10.0
33 204 13.0
33 208 8.0
33 218 6.0
33 219 4.0
33 225 6.0
33 245 9.0
33 251 7.0
33 254 3.0
33 256 12.0
33 271 4.0
34 20 14.0
34 24 10.0
34 64 4.0
34 93 3.0
34 96 13.0
34 108 6.0
34 112 10.0
34 165 7.0
34 239 0.0
34 249 12.0
34 253 13.0
34 257 9.0
35 0 11.0
35 13 14.0
35 33 10.0
35 40 5.0
35 45 14.0
35 154 14.0
35 167 5.0
35 175 13.0
35 183 3.0
35 204 3.0
35 210 13.0
35 212 9.0
35 218 14.0
35 219 8.0
35 225 6.0
35 243 14.0
35 245 7.0
35 251 12.0
35 254 13.0
35 256 2.0
35 271 9.0
35 289 11.0
35 293 14.0
36 3 5.0
36 4 9.0
36 15 8.0
36 30 14.0
36 49 4.0
36 55 8.0
36 57 6.0
36 68 13.0
36 73 11.0
36 86 11.0
36 90 8.0
36 135 13.0
36 150 11.0
36 184 13.0
36 186 14.0
36 189 7.0
36 203 10.0
36 216 12.0
36 228 6.0
36 240 6.0
36 255 6.0
36 259 7.0
36 272 13.0
36 282 4.0
36 291 13.0
37 28 14.0
37 60 6.0
37 63 11.0
37 75 14.0
37 110 12.0
37 116 11.0
37 141 10.0
37 149 8.0
37 157 13.0
37 159 14.0
37 162 4.0
37 171 13.0
37 202 7.0
37 220 11.0
37 223 13.0
37 226 6.0
37 278 6.0
37 280 13.0
38 23 13.0
38 26 5.0
38 49 14.0
38 50 9.0
38 83 13.0
38 84 6.0
38 90 11.0
38 107 10.0
38 228 13.0
38 240 12.0
38 255 12.0
39 61 11.0
39 74 5.0
39 105 8.0
39 114 11.0
39 122 8.0
39 127 12.0
39 136 8.0
39 155 10.0
39 163 10.0
39 168 13.0
39 250 9.0
40 0 12.0
40 33 5.0
40 35 5.0
40 45 12.0
40 80 12.0
40 103 13.0
40 154 9.0
40 167 8.0
40 175 14.0
40 183 5.0
40 204 8.0
40 208 13.0
40 212 11.0
40 218 10.0
40 219 3.0
40 225 4.0
40 243 14.0
40 245 6.0
40 251 9.0
40 254 9.0
40 256 6.0
40 271 5.0
41 15 14.0
41 25 14.0
41 30 4.0
41 32 6.0
41 52 4.0
41 57 12.0
41 58 13.0
41 68 6.0
41 82 4.0
41 133 12.0
41 139 4.0
41 184 11.0
41 189 13.0
41 198 4.0
41 248 14.0
41 252 2.0
41 260 9.0
41 261 10.0
41 269 9.0
41 282 14.0
41 285 6.0
41 291 9.0
42 13 9.0
42 51 13.0
42 104 2.0
42 164 9.0
42 177 7.0
42 227 3.0
42 234 10.0
42 263 14.0
42 267 1.0
42 289 9.0
42 296 10.0
43 22 3.0
43 72 7.0
43 95 10.0
43 102 9.0
43 108 14.0
43 113 10.0
43 117 8.0
43 126 4.0
43 128 7.0
43 134 11.0
43 140 13.0
43 165 9.0
43 170 6.0
43 176 14.0
43 187 5.0
43 191 4.0
43 205 13.0
43 236 9.0
43 238 9.0
44 4 9.0
44 7 6.0
44 10 10.0
44 26 14.0
44 50 13.0
44 55 10.0
44 85 10.0
44 86 9.0
44 107 8.0
44 124 3.0
44 125 2.0
44 132 12.0
44 142 13.0
44 150 11.0
44 174 6.0
44 178 4.0
44 186 5.0
44 199 13.0
44 203 10.0
44 206 13.0
44 213 13.0
44 216 7.0
44 228 13.0
44 240 14.0
44 259 14.0
45 0 7.0
45 33 13.0
45 35 14.0
45 40 12.0
45 88 14.0
45 91 4.0
45 103 1.0
45 109 12.0
45 114 13.0
45 115 13.0
45 161 14.0
45 167 11.0
45 168 12.0
45 183 11.0
45 190 7.0
45 196 8.0
45 207 13.0
45 212 9.0
45 219 10.0
45 224 5.0
45 256 13.0
46 29 3.0
46 53 2.0
46 88 8.0
46 127 11.0
46 155 13.0
46 190 14.0
46 196 14.0
46 207 9.0
46 209 3.0
46 215 13.0
46 231 14.0
47 14 5.0
47 62 13.0
47 100 11.0
47 111 7.0
47 130 14.0
47 148 13.0
47 153 9.0
47 175 11.0
47 197 10.0
47 210 14.0
47 218 13.0
47 243 10.0
47 246 13.0
47 251 12.0
47 293 12.0
48 31 2.0
48 56 12.0
48 98 13.0
48 118 14.0
48 131 9.0
48 143 6.0
48 158 2.0
48 160 8.0
48 179 3.0
48 180 13.0
48 188 10.0
48 233 11.0
48 241 11.0
48 242 12.0
49 3 5.0
49 4 10.0
49 15 12.0
49 26 13.0
49 36 4.0
49 38 14.0
49 55 9.0
49 57 10.0
49 73 9.0
49 86 14.0
49 90 4.0
49 107 14.0
49 135 13.0
49 150 14.0
49 182 14.0
49 189 11.0
49 203 13.0
49 216 13.0
49 228 5.0
49 240 4.0
49 255 3.0
49 259 10.0
49 272 11.0
49 282 8.0
50 7 14.0
50 9 10.0
50 23 4.0
50 26 7.0
50 38 9.0
50 44 13.0
50 83 4.0
50 84 4.0
50 85 11.0
50 107 7.0
50 125 14.0
50 132 13.0
50 178 10.0
50 213 7.0
50 214 8.0
50 264 10.0
51 13 8.0
51 17 9.0
51 18 9.0
51 19 10.0
51 42 13.0
51 65 9.0
51 75 11.0
51 94 4.0
51 99 7.0
51 104 14.0
51 110 13.0
51 137 9.0
51 148 14.0
51 159 11.0
51 169 13.0
51 210 14.0
51 234 8.0
51 266 12.0
51 267 12.0
51 277 13.0
51 280 12.0
51 296 7.0
51 299 4.0
52 25 14.0
52 30 6.0
52 32 4.0
52 41 4.0
52 57 14.0
52 58 8.0
52 68 9.0
52 82 7.0
52 133 13.0
52 138 12.0
52 139 8.0
52 181 14.0
52 198 1.0
52 244 12.0
52 252 6.0
52 260 11.0
52 261 6.0
52 269 8.0
52 285 9.0
52 291 13.0
53 29 2.0
53 46 2.0
53 88 7.0
53 105 14.0
53 115 14.0
53 127 10.0
53 155 11.0
53 190 12.0
53 196 12.0
53 207 7.0
53 209 4.0
53 215 13.0
53 224 14.0
54 12 14.0
54 27 4.0
54 89 10.0
54 151 11.0
54 156 4.0
54 217 9.0
54 265 10.0
54 268 7.0
54 270 3.0
54 281 9.0
55 3 13.0
55 4 2.0
55 15 10.0
55 26 10.0
55 36 8.0
55 44 10.0
55 49 9.0
55 57 13.0
55 86 7.0
55 90 11.0
55 107 8.0
55 124 13.0
55 125 12.0
55 150 8.0
55 178 11.0
55 184 14.0
55 186 7.0
55 189 11.0
55 203 6.0
55 216 5.0
55 228 4.0
55 240 5.0
55 255 6.0
55 259 7.0
55 282 11.0
56 31 12.0
56 48 12.0
56 69 14.0
56 121 14.0
56 123 10.0
56 143 14.0
56 144 11.0
56 158 10.0
56 179 12.0
56 194 9.0
56 195 13.0
56 221 13.0
56 230 13.0
56 242 10.0
57 3 8.0
57 4 12.0
57 15 6.0
57 30 8.0
57 36 6.0
57 41 12.0
57 49 10.0
57 52 14.0
57 55 13.0
57 59 14.0
57 68 6.0
57 73 13.0
57 86 12.0
57 90 14.0
57 135 14.0
57 139 9.0
57 150 12.0
57 184 9.0
57 189 4.0
57 198 12.0
57 203 11.0
57 216 14.0
57 228 12.0
57 240 12.0
57 244 12.0
57 252 14.0
57 255 12.0
57 259 7.0
57 261 14.0
57 282 2.0
57 291 8.0
58 2 13.0
58 30 14.0
58 32 8.0
58 41 13.0
58 52 8.0
58 69 12.0
58 82 14.0
58 134 14.0
58 138 4.0
58 140 13.0
58 181 6.0
58 198 9.0
58 221 13.0
58 244 13.0
58 247 13.0
58 252 13.0
58 261 6.0
58 269 10.0
58 276 10.0
58 279 11.0
58 297 9.0
59 3 12.0
59 57 14.0
59 69 10.0
59 71 10.0
59 73 10.0
59 121 11.0
59 123 11.0
59 135 5.0
59 144 12.0
59 182 7.0
59 194 13.0
59 195 10.0
59 221 13.0
59 244 4.0
59 261 11.0
59 272 11.0
59 279 14.0
59 282 14.0
60 1 12.0
60 28 9.0
60 37 6.0
60 141 5.0
60 147 13.0
60 149 5.0
60 157 11.0
60 162 7.0
60 202 1.0
60 220 11.0
60 226 6.0
60 278 3.0
60 283 12.0
61 39 11.0
61 80 9.0
61 114 9.0
61 122 3.0
61 136 4.0
61 154 12.0
61 163 7.0
61 168 9.0
61 208 11.0
61 250 4.0
61 254 13.0
62 17 9.0
62 19 8.0
62 47 13.0
62 65 9.0
62 100 3.0
62 111 7.0
62 130 1.0
62 137 9.0
62 148 8.0
62 153 4.0
62 169 4.0
62 175 10.0
62 197 9.0
62 201 10.0
62 210 9.0
62 232 13.0
62 243 10.0
62 246 0.0
62 266 11.0
62 293 9.0
63 18 12.0
63 37 11.0
63 75 8.0
63 110 12.0
63 116 1.0
63 119 12.0
63 159 11.0
63 162 8.0
63 171 4.0
63 172 12.0
63 220 11.0
63 234 13.0
63 235 14.0
63 280 13.0
63 286 13.0
63 290 6.0
63 295 10.0
63 296 14.0
64 8 13.0
64 20 10.0
64 24 6.0
64 34 4.0
64 93 4.0
64 96 9.0
64 108 10.0
64 112 6.0
64 146 13.0
64 165 10.0
64 222 14.0
64 239 4.0
64 249 9.0
64 257 5.0
64 274 12.0
65 6 10.0
65 13 14.0
65 17 8.0
65 18 13.0
65 19 8.0
65 51 9.0
65 62 9.0
65 94 6.0
65 99 8.0
65 100 12.0
65 130 8.0
65 137 8.0
65 148 12.0
65 153 13.0
65 159 14.0
65 169 5.0
65 201 11.0
65 210 12.0
65 246 9.0
65 266 5.0
65 277 10.0
65 280 13.0
65 293 13.0
65 299 6.0
66 2 6.0
66 70 10.0
66 81 12.0
66 102 10.0
66 113 8.0
66 138 14.0
66 140 8.0
66 152 4.0
66 176 5.0
66 181 12.0
66 191 14.0
66 193 9.0
66 205 5.0
66 211 8.0
66 236 9.0
66 247 14.0
66 276 14.0
66 297 9.0
67 1 6.0
67 28 12.0
67 76 10.0
67 78 12.0
67 106 14.0
67 119 8.0
67 145 11.0
67 166 10.0
67 172 8.0
67 192 6.0
67 199 14.0
67 220 8.0
67 235 14.0
67 262 11.0
67 286 6.0
67 287 12.0
67 295 13.0
68 3 14.0
68 15 8.0
68 30 3.0
68 32 13.0
68 36 13.0
68 41 6.0
68 52 9.0
68 57 6.0
68 82 9.0
68 86 14.0
68 139 2.0
68 150 13.0
68 173 13.0
68 184 6.0
68 189 6.0
68 198 8.0
68 203 14.0
68 244 13.0
68 248 12.0
68 252 8.0
68 259 10.0
68 260 14.0
68 261 12.0
68 282 9.0
68 285 11.0
68 291 4.0
69 56 14.0
69 58 12.0
69 59 10.0
69 121 13.0
69 123 8.0
69 138 13.0
69 144 11.0
69 181 13.0
69 194 8.0
69 195 11.0
69 221 3.0
69 230 8.0
69 242 10.0
69 244 11.0
69 247 9.0
69 261 12.0
69 276 9.0
69 279 4.0
70 8 8.0
70 66 10.0
70 79 14.0
70 81 6.0
70 92 10.0
70 98 14.0
70 101 12.0
70 152 11.0
70 176 10.0
70 193 1.0
70 205 14.0
70 211 4.0
70 237 11.0
70 249 13.0
70 275 6.0
70 298 12.0
71 59 10.0
71 73 10.0
71 121 5.0
71 123 10.0
71 135 8.0
71 144 8.0
71 182 6.0
71 194 12.0
71 195 6.0
71 244 14.0
71 272 9.0
72 22 9.0
72 43 7.0
72 95 6.0
72 117 8.0
72 126 5.0
72 128 11.0
72 134 13.0
72 164 8.0
72 170 2.0
72 187 9.0
72 191 11.0
72 227 13.0
72 238 9.0
72 263 10.0
72 292 14.0
73 3 6.0
73 36 11.0
73 49 9.0
73 57 13.0
73 59 10.0
73 71 10.0
73 90 9.0
73 135 5.0
73 182 5.0
73 228 14.0
73 240 13.0
73 244 12.0
73 255 12.0
73 272 2.0
73 282 12.0
74 39 5.0
74 105 5.0
74 122 13.0
74 127 9.0
74 136 13.0
74 155 8.0
74 250 14.0
75 18 4.0
75 37 14.0
75 51 11.0
75 63 8.0
75 94 11.0
75 99 9.0
75 110 7.0
75 116 9.0
75 159 4.0
75 162 13.0
75 171 5.0
75 177 13.0
75 223 13.0
75 234 7.0
75 277 13.0
75 280 7.0
75 290 6.0
75 296 7.0
75 299 11.0
76 67 10.0
76 119 6.0
76 145 10.0
76 166 6.0
76 172 6.0
76 173 11.0
76 220 13.0
76 229 14.0
76 235 6.0
76 248 7.0
76 262 7.0
76 286 8.0
76 295 9.0
77 21 7.0
77 79 11.0
77 92 13.0
77 101 8.0
77 185 3.0
77 237 8.0
77 275 14.0
77 298 7.0
78 1 7.0
78 11 9.0
78 28 7.0
78 67 12.0
78 87 14.0
78 106 11.0
78 120 6.0
78 129 14.0
78 141 13.0
78 147 4.0
78 192 7.0
78 202 14.0
78 284 6.0
78 287 3.0
78 288 5.0
79 8 9.0
79 21 5.0
79 70 14.0
79 77 11.0
79 92 4.0
79 101 5.0
79 146 10.0
79 185 14.0
79 237 8.0
79 249 11.0
79 274 14.0
79 275 9.0
79 298 8.0
80 14 14.0
80 33 7.0
80 40 12.0
80 61 9.0
80 114 11.0
80 122 12.0
80 136 11.0
80 154 3.0
80 163 10.0
80 168 9.0
80 208 4.0
80 218 7.0
80 219 10.0
80 225 12.0
80 245 14.0
80 250 10.0
80 251 9.0
80 254 4.0
80 271 9.0
81 8 13.0
81 66 12.0
81 70 6.0
81 92 13.0
81 98 8.0
81 101 12.0
81 152 11.0
81 176 14.0
81 193 5.0
81 211 4.0
81 233 11.0
81 237 9.0
81 241 10.0
81 275 8.0
81 298 10.0
82 25 11.0
82 30 8.0
82 32 6.0
82 41 4.0
82 52 7.0
82 58 14.0
82 68 9.0
82 133 9.0
82 139 7.0
82 184 13.0
82 198 8.0
82 248 13.0
82 252 2.0
82 260 5.0
82 261 13.0
82 269 8.0
82 285 2.0
82 291 11.0
83 9 6.0
83 23 1.0
83 26 11.0
83 38 13.0
83 50 4.0
83 84 6.0
83 85 10.0
83 107 11.0
83 132 12.0
83 178 12.0
83 213 5.0
83 214 4.0
83 264 6.0
84 9 12.0
84 23 7.0
84 26 6.0
84 38 6.0
84 50 4.0
84 83 6.0
84 85 14.0
84 107 9.0
84 178 13.0
84 213 11.0
84 214 10.0
84 264 11.0
85 7 6.0
85 9 10.0
85 23 9.0
85 44 10.0
85 50 11.0
85 83 10.0
85 84 14.0
85 107 12.0
85 124 9.0
85 125 9.0
85 132 3.0
85 142 11.0
85 174 9.0
85 178 7.0
85 206 6.0
85 213 5.0
85 214 11.0
85 264 14.0
86 4 5.0
86 10 12.0
86 15 7.0
86 36 11.0
86 44 9.0
86 49 14.0
86 55 7.0
86 57 12.0
86 68 14.0
86 107 13.0
86 124 11.0
86 125 11.0
86 145 12.0
86 150 1.0
86 166 14.0
86 173 8.0
86 174 14.0
86 178 13.0
86 184 9.0
86 186 4.0
86 189 9.0
86 199 13.0
86 203 1.0
86 216 3.0
86 228 10.0
86 240 11.0
86 248 13.0
86 255 13.0
86 259 5.0
86 262 13.0
86 282 12.0
86 291 11.0
87 11 6.0
87 78 14.0
87 106 9.0
87 129 5.0
87 142 10.0
87 284 9.0
87 287 12.0
87 288 13.0
88 5 14.0
88 29 5.0
88 45 14.0
88 46 8.0
88 53 7.0
88 91 10.0
88 103 13.0
88 115 8.0
88 127 14.0
88 190 7.0
88 196 6.0
88 207 6.0
88 209 8.0
88 215 7.0
88 224 10.0
88 231 14.0
89 12 4.0
89 16 14.0
89 27 9.0
89 54 10.0
89 151 4.0
89 156 8.0
89 217 2.0
89 265 1.0
89 268 13.0
89 270 7.0
89 281 7.0
90 3 8.0
90 4 13.0
90 26 11.0
90 36 8.0
90 38 11.0
90 49 4.0
90 55 11.0
90 57 14.0
90 73 9.0
90 107 14.0
90 135 14.0
90 182 14.0
90 228 7.0
90 240 6.0
90 255 4.0
90 259 14.0
90 272 10.0
90 282 12.0
91 0 8.0
91 45 4.0
91 88 10.0
91 103 4.0
91 109 9.0
91 115 9.0
91 161 13.0
91 167 14.0
91 183 14.0
91 190 4.0
91 196 4.0
91 207 11.0
91 212 10.0
91 215 11.0
91 219 14.0
91 224 5.0
92 8 5.0
92 21 8.0
92 70 10.0
92 77 13.0
92 79 4.0
92 81 13.0
92 101 5.0
92 112 14.0
92 146 11.0
92 193 12.0
92 211 13.0
92 237 7.0
92 249 9.0
92 257 13.0
92 275 5.0
92 298 7.0
93 20 12.0
93 24 8.0
93 34 3.0
93 64 4.0
93 96 11.0
93 108 7.0
93 109 14.0
93 112 9.0
93 165 9.0
93 239 3.0
93 249 12.0
93 253 13.0
93 257 9.0
94 6 13.0
94 13 12.0
94 17 11.0
94 18 7.0
94 19 11.0
94 51 4.0
94 65 6.0
94 75 11.0
94 99 3.0
94 110 10.0
94 130 14.0
94 137 11.0
94 159 8.0
94 169 11.0
94 223 14.0
94 234 10.0
94 266 8.0
94 277 8.0
94 280 9.0
94 296 9.0
94 299 1.0
95 22 10.0
95 25 9.0
95 43 10.0
95 72 6.0
95 102 14.0
95 117 4.0
95 126 10.0
95 128 9.0
95 133 11.0
95 134 9.0
95 164 12.0
95 170 8.0
95 187 9.0
95 191 13.0
95 227 14.0
95 238 5.0
95 263 6.0
95 292 9.0
96 5 9.0
96 20 3.0
96 24 3.0
96 34 13.0
96 64 9.0
96 93 11.0
96 112 5.0
96 146 9.0
96 222 5.0
96 231 10.0
96 239 13.0
96 249 11.0
96 257 6.0
96 274 5.0
97 27 13.0
97 157 13.0
97 200 14.0
97 258 5.0
97 268 9.0
97 281 14.0
97 283 14.0
98 31 11.0
98 48 13.0
98 70 14.0
98 81 8.0
98 118 11.0
98 152 13.0
98 158 13.0
98 179 10.0
98 188 13.0
98 193 13.0
98 211 11.0
98 233 6.0
98 237 14.0
98 241 4.0
99 6 12.0
99 17 14.0
99 18 5.0
99 19 14.0
99 51 7.0
99 65 8.0
99 75 9.0
99 94 3.0
99 110 7.0
99 137 14.0
99 159 6.0
99 169 13.0
99 171 14.0
99 223 11.0
99 234 11.0
99 266 8.0
99 273 12.0
99 277 6.0
99 280 6.0
99 296 10.0
99 299 4.0
100 17 11.0
100 19 10.0
100 47 11.0
100 62 3.0
100 65 12.0
100 111 4.0
100 130 4.0
100 137 11.0
100 148 9.0
100 153 2.0
100 169 7.0
100 175 10.0
100 197 6.0
100 201 11.0
100 210 11.0
100 232 11.0
100 243 10.0
100 246 3.0
100 266 14.0
100 293 9.0
101 8 10.0
101 21 5.0
101 70 12.0
101 77 8.0
101 79 5.0
101 81 12.0
101 92 5.0
101 185 10.0
101 193 13.0
101 211 14.0
101 237 3.0
101 249 14.0
101 275 6.0
101 298 2.0
102 2 12.0
102 22 6.0
102 25 14.0
102 43 9.0
102 66 10.0
102 95 14.0
102 113 2.0
102 117 11.0
102 126 13.0
102 128 5.0
102 134 7.0
102 138 13.0
102 140 4.0
102 152 13.0
102 165 13.0
102 170 14.0
102 176 8.0
102 181 13.0
102 187 6.0
102 191 6.0
102 205 5.0
102 236 3.0
102 238 9.0
102 297 8.0
103 0 8.0
103 33 14.0
103 40 13.0
103 45 1.0
103 88 13.0
103 91 4.0
103 109 12.0
103 114 12.0
103 115 12.0
103 163 14.0
103 167 12.0
103 168 12.0
103 183 12.0
103 190 6.0
103 196 7.0
103 207 12.0
103 212 9.0
103 219 11.0
103 224 4.0
103 256 14.0
104 13 9.0
104 42 2.0
104 51 14.0
104 164 7.0
104 177 9.0
104 227 3.0
104 234 12.0
104 263 14.0
104 267 3.0
104 289 7.0
104 296 12.0
105 39 8.0
105 53 14.0
105 74 5.0
105 127 4.0
105 155 4.0
105 207 13.0
106 1 13.0
106 10 9.0
106 11 7.0
106 67 14.0
106 78 11.0
106 87 9.0
106 129 5.0
106 142 11.0
106 145 13.0
106 174 13.0
106 192 9.0
106 199 8.0
106 284 9.0
106 287 8.0
106 288 13.0
107 4 9.0
107 7 12.0
107 23 10.0
107 26 5.0
107 38 10.0
107 44 8.0
107 49 14.0
107 50 7.0
107 55 8.0
107 83 11.0
107 84 9.0
107 85 12.0
107 86 13.0
107 90 14.0
107 124 11.0
107 125 10.0
107 150 14.0
107 174 14.0
107 178 6.0
107 186 10.0
107 203 13.0
107 213 11.0
107 216 10.0
107 228 9.0
107 240 10.0
107 255 11.0
108 34 6.0
108 43 14.0
108 64 10.0
108 93 7.0
108 109 10.0
108 126 12.0
108 161 10.0
108 165 8.0
108 239 6.0
108 253 7.0
109 0 9.0
109 45 12.0
109 91 9.0
109 93 14.0
109 103 12.0
109 108 10.0
109 115 8.0
109 161 6.0
109 167 14.0
109 190 13.0
109 196 11.0
109 212 10.0
109 215 11.0
109 253 6.0
110 6 14.0
110 18 5.0
110 37 12.0
110 51 13.0
110 63 12.0
110 75 7.0
110 94 10.0
110 99 7.0
110 116 13.0
110 159 3.0
110 162 13.0
110 171 11.0
110 223 6.0
110 234 13.0
110 266 13.0
110 273 10.0
110 277 7.0
110 280 1.0
110 290 13.0
110 296 13.0
110 299 11.0
111 14 11.0
111 17 14.0
111 19 13.0
111 47 7.0
111 62 7.0
111 100 4.0
111 130 8.0
111 137 14.0
111 148 10.0
111 153 3.0
111 169 11.0
111 175 10.0
111 197 5.0
111 210 12.0
111 232 13.0
111 243 9.0
111 246 7.0
111 293 10.0
112 5 13.0
112 8 11.0
112 20 4.0
112 24 3.0
112 34 10.0
112 64 6.0
112 92 14.0
112 93 9.0
112 96 5.0
112 146 7.0
112 222 8.0
112 239 10.0
112 249 6.0
112 257 1.0
112 274 6.0
113 2 11.0
113 22 8.0
113 43 10.0
113 66 8.0
113 102 2.0
113 117 13.0
113 126 14.0
113 128 7.0
113 134 9.0
113 138 14.0
113 140 4.0
113 152 11.0
113 165 13.0
113 176 6.0
113 181 13.0
113 187 8.0
113 191 7.0
113 205 3.0
113 236 2.0
113 238 12.0
113 297 8.0
114 33 13.0
114 39 11.0
114 45 13.0
114 61 9.0
114 80 11.0
114 103 12.0
114 122 9.0
114 136 6.0
114 154 11.0
114 155 13.0
114 163 2.0
114 168 2.0
114 190 13.0
114 207 13.0
114 208 14.0
114 219 13.0
114 224 10.0
114 250 6.0
114 254 12.0
115 0 14.0
115 5 13.0
115 29 12.0
115 45 13.0
115 53 14.0
115 88 8.0
115 91 9.0
115 103 12.0
115 109 8.0
115 161 14.0
115 190 9.0
115 196 7.0
115 207 13.0
115 209 14.0
115 215 3.0
115 224 12.0
115 231 13.0
115 253 13.0
116 18 13.0
116 37 11.0
116 63 1.0
116 75 9.0
116 110 13.0
116 119 11.0
116 159 12.0
116 162 8.0
116 171 4.0
116 172 11.0
116 220 10.0
116 229 14.0
116 234 14.0
116 235 13.0
116 280 14.0
116 286 12.0
116 290 6.0
116 295 9.0
116 296 14.0
117 22 7.0
117 25 8.0
117 43 8.0
117 72 8.0
117 95 4.0
117 102 11.0
117 113 13.0
117 126 10.0
117 128 6.0
117 133 10.0
117 134 6.0
117 140 14.0
117 170 9.0
117 187 5.0
117 191 10.0
117 236 13.0
117 238 2.0
117 263 9.0
117 269 13.0
117 292 13.0
118 31 14.0
118 48 14.0
118 98 11.0
118 131 9.0
118 143 14.0
118 160 9.0
118 179 14.0
118 180 8.0
118 185 12.0
118 188 6.0
118 241 14.0
119 1 13.0
119 63 12.0
119 67 8.0
119 76 6.0
119 116 11.0
119 145 14.0
119 162 14.0
119 166 11.0
119 172 0.0
119 220 7.0
119 229 13.0
119 235 6.0
119 248 13.0
119 262 12.0
119 286 3.0
119 295 4.0
120 1 11.0
120 11 11.0
120 28 7.0
120 78 6.0
120 141 11.0
120 147 2.0
120 192 13.0
120 202 14.0
120 284 8.0
120 287 8.0
120 288 3.0
120 294 10.0
121 56 14.0
121 59 11.0
121 69 13.0
121 71 5.0
121 123 6.0
121 135 11.0
121 144 3.0
121 182 10.0
121 194 7.0
121 195 2.0
121 221 14.0
121 272 13.0
122 39 8.0
122 61 3.0
122 74 13.0
122 80 12.0
122 114 9.0
122 136 3.0
122 154 14.0
122 163 7.0
122 168 9.0
122 208 14.0
122 250 3.0
123 56 10.0
123 59 11.0
123 69 8.0
123 71 10.0
123 121 6.0
123 135 13.0
123 144 3.0
123 182 13.0
123 194 2.0
123 195 4.0
123 221 9.0
123 230 13.0
123 242 13.0
123 244 14.0
123 279 12.0
124 4 12.0
124 7 4.0
124 10 8.0
124 44 3.0
124 55 13.0
124 85 9.0
124 86 11.0
124 107 11.0
124 125 1.0
124 132 11.0
124 142 10.0
124 150 12.0
124 174 4.0
124 178 5.0
124 186 7.0
124 199 11.0
124 203 12.0
124 206 11.0
124 213 13.0
124 216 9.0
125 4 11.0
125 7 4.0
125 10 9.0
125 44 2.0
125 50 14.0
125 55 12.0
125 85 9.0
125 86 11.0
125 107 10.0
125 124 1.0
125 132 11.0
125 142 11.0
125 150 12.0
125 174 4.0
125 178 4.0
125 186 7.0
125 199 12.0
125 203 12.0
125 206 11.0
125 213 12.0
125 216 9.0
126 22 7.0
126 43 4.0
126 72 5.0
126 95 10.0
126 102 13.0
126 108 12.0
126 113 14.0
126 117 10.0
126 128 11.0
126 134 14.0
126 164 11.0
126 165 9.0
126 170 3.0
126 187 9.0
126 191 7.0
126 236 12.0
126 238 11.0
126 253 14.0
127 29 12.0
127 39 12.0
127 46 11.0
127 53 10.0
127 74 9.0
127 88 14.0
127 105 4.0
127 155 2.0
127 207 9.0
127 209 14.0
128 22 4.0
128 25 10.0
128 43 7.0
128 72 11.0
128 95 9.0
128 102 5.0
128 113 7.0
128 117 6.0
128 126 11.0
128 133 13.0
128 134 4.0
128 140 8.0
128 170 11.0
128 176 13.0
128 187 2.0
128 191 7.0
128 205 10.0
128 236 7.0
128 238 4.0
128 269 12.0
128 297 11.0
129 7 14.0
129 10 11.0
129 11 7.0
129 78 14.0
129 87 5.0
129 106 5.0
129 142 7.0
129 174 12.0
129 192 13.0
129 199 11.0
129 206 13.0
129 284 10.0
129 287 11.0
130 17 8.0
130 19 7.0
130 47 14.0
130 62 1.0
130 65 8.0
130 94 14.0
130 100 4.0
130 111 8.0
130 137 8.0
130 148 8.0
130 153 5.0
130 169 3.0
130 175 10.0
130 197 10.0
130 201 10.0
130 210 9.0
130 232 14.0
130 243 10.0
130 246 1.0
130 266 11.0
130 293 8.0
130 299 14.0
131 31 10.0
131 48 9.0
131 118 9.0
131 143 5.0
131 158 11.0
131 160 1.0
131 179 11.0
131 180 5.0
131 188 4.0
132 7 7.0
132 9 10.0
132 23 11.0
132 44 12.0
132 50 13.0
132 83 12.0
132 85 3.0
132 124 11.0
132 125 11.0
132 142 10.0
132 174 10.0
132 178 10.0
132 206 4.0
132 213 7.0
132 214 12.0
133 25 3.0
133 32 9.0
133 41 12.0
133 52 13.0
133 82 9.0
133 95 11.0
133 117 10.0
133 128 13.0
133 134 10.0
133 187 14.0
133 198 14.0
133 229 11.0
133 238 9.0
133 252 10.0
133 260 4.0
133 263 11.0
133 269 7.0
133 285 8.0
133 292 11.0
134 22 8.0
134 25 7.0
134 32 12.0
134 43 11.0
134 58 14.0
134 72 13.0
134 95 9.0
134 102 7.0
134 113 9.0
134 117 6.0
134 126 14.0
134 128 4.0
134 133 10.0
134 138 13.0
134 140 9.0
134 170 14.0
134 181 13.0
134 187 6.0
134 191 10.0
134 205 11.0
134 236 10.0
134 238 4.0
134 260 14.0
134 263 14.0
134 269 9.0
134 297 10.0
135 3 9.0
135 36 13.0
135 49 13.0
135 57 14.0
135 59 5.0
135 71 8.0
135 73 5.0
135 90 14.0
135 121 11.0
135 123 13.0
135 144 13.0
135 182 3.0
135 195 11.0
135 244 8.0
135 272 6.0
135 282 13.0
136 39 8.0
136 61 4.0
136 74 13.0
136 80 11.0
136 114 6.0
136 122 3.0
136 154 13.0
136 155 14.0
136 163 4.0
136 168 7.0
136 208 14.0
136 250 1.0
136 254 14.0
137 13 9.0
137 17 0.0
137 19 1.0
137 51 9.0
137 62 9.0
137 65 8.0
137 94 11.0
137 99 14.0
137 100 11.0
137 111 14.0
137 130 8.0
137 148 5.0
137 153 11.0
137 169 8.0
137 175 8.0
137 204 14.0
137 210 5.0
137 243 9.0
137 245 13.0
137 246 9.0
137 266 13.0
137 293 6.0
137 299 10.0
138 2 9.0
138 32 11.0
138 52 12.0
138 58 4.0
138 66 14.0
138 69 13.0
138 102 13.0
138 113 14.0
138 134 13.0
138 140 10.0
138 152 13.0
138 181 2.0
138 198 13.0
138 205 12.0
138 221 13.0
138 230 13.0
138 247 11.0
138 261 10.0
138 269 11.0
138 276 8.0
138 279 10.0
138 297 6.0
139 15 9.0
139 30 3.0
139 32 11.0
139 41 4.0
139 52 8.0
139 57 9.0
139 68 2.0
139 82 7.0
139 173 13.0
139 184 7.0
139 189 8.0
139 198 7.0
139 244 14.0
139 248 11.0
139 252 6.0
139 259 12.0
139 260 12.0
139 261 12.0
139 269 14.0
139 282 11.0
139 285 9.0
139 291 5.0
140 2 9.0
140 22 10.0
140 43 13.0
140 58 13.0
140 66 8.0
140 102 4.0
140 113 4.0
140 117 14.0
140 128 8.0
140 134 9.0
140 138 10.0
140 152 10.0
140 176 8.0
140 181 9.0
140 187 9.0
140 191 10.0
140 205 3.0
140 236 6.0
140 238 12.0
140 269 14.0
140 276 14.0
140 297 4.0
141 1 13.0
141 28 7.0
141 37 10.0
141 60 5.0
141 78 13.0
141 120 11.0
141 147 10.0
141 149 4.0
141 157 9.0
141 162 12.0
141 202 4.0
141 220 14.0
141 226 8.0
141 278 5.0
141 283 8.0
141 288 14.0
141 294 10.0
142 7 8.0
142 10 10.0
142 11 14.0
142 44 13.0
142 85 11.0
142 87 10.0
142 106 11.0
142 124 10.0
142 125 11.0
142 129 7.0
142 132 10.0
142 174 7.0
142 178 13.0
142 199 13.0
142 206 6.0
143 31 8.0
143 48 6.0
143 56 14.0
143 118 14.0
143 131 5.0
143 158 8.0
143 160 6.0
143 179 9.0
143 180 10.0
143 188 9.0
144 56 11.0
144 59 12.0
144 69 11.0
144 71 8.0
144 121 3.0
144 123 3.0
144 135 13.0
144 182 12.0
144 194 4.0
144 195 2.0
144 221 12.0
145 10 9.0
145 67 11.0
145 76 10.0
145 86 12.0
145 106 13.0
145 119 14.0
145 150 12.0
145 166 4.0
145 172 14.0
145 173 6.0
145 184 13.0
145 186 13.0
145 192 12.0
145 199 6.0
145 203 14.0
145 216 14.0
145 248 9.0
145 262 3.0
145 286 14.0
146 8 11.0
146 20 5.0
146 21 14.0
146 24 9.0
146 64 13.0
146 79 10.0
146 92 11.0
146 96 9.0
146 112 7.0
146 222 6.0
146 249 7.0
146 257 8.0
146 274 4.0
147 1 9.0
147 11 11.0
147 28 5.0
147 60 13.0
147 78 4.0
147 120 2.0
147 141 10.0
147 192 11.0
147 202 12.0
147 284 8.0
147 287 7.0
147 288 4.0
147 294 11.0
148 13 12.0
148 14 14.0
148 17 5.0
148 19 4.0
148 47 13.0
148 51 14.0
148 62 8.0
148 65 12.0
148 100 9.0
148 111 10.0
148 130 8.0
148 137 5.0
148 153 8.0
148 169 9.0
148 175 4.0
148 204 13.0
148 210 1.0
148 225 13.0
148 243 4.0
148 245 10.0
148 246 8.0
148 251 13.0
148 271 14.0
148 293 1.0
149 28 11.0
149 37 8.0
149 60 5.0
149 141 4.0
149 157 6.0
149 162 11.0
149 202 5.0
149 226 4.0
149 258 13.0
149 278 2.0
149 283 7.0
149 294 12.0
150 4 6.0
150 10 13.0
150 15 6.0
150 36 11.0
150 44 11.0
150 49 14.0
150 55 8.0
150 57 12.0
150 68 13.0
150 86 1.0
150 107 14.0
150 124 12.0
150 125 12.0
150 145 12.0
150 166 13.0
150 173 7.0
150 178 14.0
150 184 8.0
150 186 5.0
150 189 8.0
150 199 13.0
150 203 2.0
150 216 4.0
150 228 11.0
150 240 12.0
150 248 12.0
150 255 13.0
150 259 5.0
150 262 12.0
150 282 12.0
150 291 10.0
151 12 4.0
151 27 12.0
151 54 11.0
151 89 4.0
151 156 8.0
151 217 6.0
151 265 5.0
151 270 9.0
151 281 10.0
152 2 4.0
152 66 4.0
152 70 11.0
152 81 11.0
152 98 13.0
152 102 13.0
152 113 11.0
152 138 13.0
152 140 10.0
152 176 9.0
152 181 11.0
152 193 10.0
152 205 8.0
152 211 8.0
152 230 13.0
152 233 11.0
152 236 13.0
152 241 12.0
152 247 11.0
152 276 11.0
152 297 9.0
153 14 13.0
153 17 11.0
153 19 10.0
153 47 9.0
153 62 4.0
153 65 13.0
153 100 2.0
153 111 3.0
153 130 5.0
153 137 11.0
153 148 8.0
153 169 8.0
153 175 9.0
153 197 7.0
153 201 13.0
153 210 9.0
153 232 13.0
153 243 8.0
153 246 4.0
153 293 8.0
154 14 14.0
154 33 4.0
154 35 14.0
154 40 9.0
154 61 12.0
154 80 3.0
154 114 11.0
154 122 14.0
154 136 13.0
154 163 11.0
154 168 9.0
154 183 14.0
154 208 5.0
154 218 6.0
154 219 7.0
154 225 9.0
154 245 12.0
154 250 12.0
154 251 8.0
154 254 1.0
154 271 7.0
155 29 13.0
155 39 10.0
155 46 13.0
155 53 11.0
155 74 8.0
155 105 4.0
155 114 13.0
155 127 2.0
155 136 14.0
155 163 14.0
155 207 9.0
155 224 14.0
156 12 12.0
156 27 7.0
156 54 4.0
156 89 8.0
156 151 8.0
156 217 8.0
156 265 9.0
156 268 10.0
156 270 4.0
156 281 9.0
157 37 13.0
157 60 11.0
157 97 13.0
157 141 9.0
157 149 6.0
157 200 13.0
157 202 11.0
157 226 7.0
157 258 8.0
157 278 8.0
157 283 5.0
157 294 12.0
158 31 1.0
158 48 2.0
158 56 10.0
158 98 13.0
158 131 11.0
158 143 8.0
158 160 10.0
158 179 2.0
158 188 12.0
158 230 13.0
158 233 10.0
158 241 10.0
158 242 9.0
159 18 2.0
159 37 14.0
159 51 11.0
159 63 11.0
159 65 14.0
159 75 4.0
159 94 8.0
159 99 6.0
159 110 3.0
159 116 12.0
159 162 14.0
159 171 9.0
159 223 9.0
159 234 10.0
159 266 13.0
159 273 13.0
159 277 8.0
159 280 3.0
159 290 11.0
159 296 9.0
159 299 9.0
160 31 10.0
160 48 8.0
160 118 9.0
160 131 1.0
160 143 6.0
160 158 10.0
160 179 10.0
160 180 5.0
160 188 3.0
161 0 8.0
161 45 14.0
161 91 13.0
161 108 10.0
161 109 6.0
161 115 14.0
161 164 14.0
161 167 11.0
161 183 14.0
161 212 8.0
161 253 4.0
161 256 14.0
161 289 13.0
162 1 14.0
162 28 14.0
162 37 4.0
162 60 7.0
162 63 8.0
162 75 13.0
162 110 13.0
162 116 8.0
162 119 14.0
162 141 12.0
162 149 11.0
162 159 14.0
162 171 11.0
162 172 14.0
162 202 8.0
162 220 8.0
162 226 9.0
162 278 9.0
162 280 14.0
162 286 12.0
162 290 14.0
162 295 14.0
163 33 14.0
163 39 10.0
163 61 7.0
163 80 10.0
163 103 14.0
163 114 2.0
163 122 7.0
163 136 4.0
163 154 11.0
163 155 14.0
163 168 3.0
163 208 14.0
163 219 14.0
163 224 12.0
163 250 4.0
163 254 12.0
164 42 9.0
164 72 8.0
164 95 12.0
164 104 7.0
164 126 11.0
164 161 14.0
164 170 9.0
164 177 12.0
164 227 6.0
164 263 12.0
164 267 9.0
164 289 9.0
165 22 11.0
165 34 7.0
165 43 9.0
165 64 10.0
165 93 9.0
165 102 13.0
165 108 8.0
165 113 13.0
165 126 9.0
165 170 13.0
165 176 12.0
165 187 13.0
165 191 8.0
165 236 11.0
165 239 7.0
165 253 14.0
166 10 12.0
166 67 10.0
166 76 6.0
166 86 14.0
166 119 11.0
166 145 4.0
166 150 13.0
166 172 11.0
166 173 6.0
166 184 12.0
166 192 13.0
166 199 10.0
166 235 13.0
166 248 6.0
166 262 1.0
166 286 12.0
166 291 13.0
167 0 6.0
167 33 13.0
167 35 5.0
167 40 8.0
167 45 11.0
167 91 14.0
167 103 12.0
167 109 14.0
167 161 11.0
167 183 3.0
167 204 7.0
167 212 4.0
167 219 9.0
167 225 10.0
167 245 12.0
167 256 3.0
167 271 13.0
167 289 9.0
168 33 11.0
168 39 13.0
168 45 12.0
168 61 9.0
168 80 9.0
168 103 12.0
168 114 2.0
168 122 9.0
168 136 7.0
168 154 9.0
168 163 3.0
168 190 14.0
168 208 13.0
168 219 12.0
168 224 10.0
168 250 6.0
168 254 10.0
169 6 12.0
169 17 8.0
169 19 7.0
169 51 13.0
169 62 4.0
169 65 5.0
169 94 11.0
169 99 13.0
169 100 7.0
169 111 11.0
169 130 3.0
169 137 8.0
169 148 9.0
169 153 8.0
169 175 12.0
169 197 12.0
169 201 9.0
169 210 10.0
169 232 14.0
169 243 12.0
169 246 4.0
169 266 8.0
169 277 14.0
169 293 10.0
169 299 11.0
170 22 8.0
170 43 6.0
170 72 2.0
170 95 8.0
170 102 14.0
170 117 9.0
170 126 3.0
170 128 11.0
170 134 14.0
170 164 9.0
170 165 13.0
170 187 9.0
170 191 9.0
170 227 14.0
170 236 14.0
170 238 10.0
170 263 12.0
171 18 9.0
171 37 13.0
171 63 4.0
171 75 5.0
171 99 14.0
171 110 11.0
171 116 4.0
171 159 9.0
171 162 11.0
171 177 13.0
171 220 14.0
171 234 9.0
171 280 11.0
171 290 3.0
171 295 12.0
171 296 10.0
172 1 13.0
172 63 12.0
172 67 8.0
172 76 6.0
172 116 11.0
172 119 0.0
172 145 14.0
172 162 14.0
172 166 11.0
172 220 7.0
172 229 13.0
172 235 6.0
172 248 13.0
172 262 12.0
172 286 3.0
172 295 4.0
173 4 13.0
173 10 12.0
173 15 9.0
173 68 13.0
173 76 11.0
173 86 8.0
173 139 13.0
173 145 6.0
173 150 7.0
173 166 6.0
173 184 7.0
173 186 11.0
173 189 11.0
173 199 11.0
173 203 9.0
173 216 11.0
173 248 6.0
173 259 10.0
173 262 5.0
173 291 9.0
174 7 3.0
174 10 7.0
174 44 6.0
174 85 9.0
174 86 14.0
174 106 13.0
174 107 14.0
174 124 4.0
174 125 4.0
174 129 12.0
174 132 10.0
174 142 7.0
174 178 8.0
174 186 10.0
174 199 10.0
174 206 9.0
174 213 14.0
174 216 12.0
175 13 14.0
175 14 11.0
175 17 8.0
175 19 8.0
175 35 13.0
175 40 14.0
175 47 11.0
175 62 10.0
175 100 10.0
175 111 10.0
175 130 10.0
175 137 8.0
175 148 4.0
175 153 9.0
175 169 12.0
175 204 12.0
175 210 4.0
175 218 12.0
175 225 10.0
175 243 1.0
175 245 8.0
175 246 10.0
175 251 9.0
175 271 11.0
175 293 2.0
176 2 11.0
176 22 12.0
176 43 14.0
176 66 5.0
176 70 10.0
176 81 14.0
176 102 8.0
176 113 6.0
176 128 13.0
176 140 8.0
176 152 9.0
176 165 12.0
176 187 13.0
176 191 10.0
176 193 9.0
176 205 5.0
176 211 10.0
176 236 6.0
176 297 12.0
177 42 7.0
177 75 13.0
177 104 9.0
177 164 12.0
177 171 13.0
177 227 6.0
177 229 13.0
177 234 8.0
177 263 10.0
177 267 6.0
177 290 10.0
177 292 9.0
177 296 9.0
178 4 11.0
178 7 6.0
178 10 13.0
178 23 11.0
178 26 12.0
178 44 4.0
178 50 10.0
178 55 11.0
178 83 12.0
178 84 13.0
178 85 7.0
178 86 13.0
178 107 6.0
178 124 5.0
178 125 4.0
178 132 10.0
178 142 13.0
178 150 14.0
178 174 8.0
178 186 9.0
178 203 13.0
178 206 12.0
178 213 9.0
178 216 10.0
178 228 14.0
179 31 1.0
179 48 3.0
179 56 12.0
179 98 10.0
179 118 14.0
179 131 11.0
179 143 9.0
179 158 2.0
179 160 10.0
179 188 11.0
179 230 13.0
179 233 8.0
179 241 8.0
179 242 9.0
179 247 14.0
180 48 13.0
180 118 8.0
180 131 5.0
180 143 10.0
180 160 5.0
180 188 4.0
181 2 7.0
181 32 13.0
181 52 14.0
181 58 6.0
181 66 12.0
181 69 13.0
181 102 13.0
181 113 13.0
181 134 13.0
181 138 2.0
181 140 9.0
181 152 11.0
181 205 11.0
181 221 13.0
181 230 12.0
181 247 9.0
181 261 12.0
181 269 13.0
181 276 7.0
181 279 10.0
181 297 4.0
182 3 10.0
182 49 14.0
182 59 7.0
182 71 6.0
182 73 5.0
182 90 14.0
182 121 10.0
182 123 13.0
182 135 3.0
182 144 12.0
182 195 10.0
182 244 10.0
182 272 4.0
183 0 8.0
183 33 10.0
183 35 3.0
183 40 5.0
183 45 11.0
183 91 14.0
183 103 12.0
183 154 14.0
183 161 14.0
183 167 3.0
183 204 6.0
183 212 6.0
183 219 7.0
183 225 8.0
183 245 9.0
183 251 14.0
183 254 13.0
183 256 2.0
183 271 10.0
183 289 11.0
184 4 13.0
184 15 5.0
184 30 9.0
184 36 13.0
184 41 11.0
184 55 14.0
184 57 9.0
184 68 6.0
184 82 13.0
184 86 9.0
184 139 7.0
184 145 13.0
184 150 8.0
184 166 12.0
184 173 7.0
184 186 13.0
184 189 6.0
184 198 14.0
184 203 9.0
184 216 12.0
184 248 7.0
184 252 12.0
184 259 8.0
184 262 11.0
184 282 10.0
184 285 13.0
184 291 2.0
185 21 10.0
185 77 3.0
185 79 14.0
185 101 10.0
185 118 12.0
185 237 9.0
185 298 9.0
186 4 6.0
186 7 11.0
186 10 10.0
186 15 11.0
186 36 14.0
186 44 5.0
186 55 7.0
186 86 4.0
186 107 10.0
186 124 7.0
186 125 7.0
186 145 13.0
186 150 5.0
186 173 11.0
186 174 10.0
186 178 9.0
186 184 13.0
186 189 13.0
186 199 12.0
186 203 5.0
186 216 2.0
186 228 11.0
186 240 12.0
186 255 14.0
186 259 9.0
187 22 2.0
187 25 11.0
187 43 5.0
187 72 9.0
187 95 9.0
187 102 6.0
187 113 8.0
187 117 5.0
187 126 9.0
187 128 2.0
187 133 14.0
187 134 6.0
187 140 9.0
187 165 13.0
187 170 9.0
187 176 13.0
187 191 5.0
187 205 11.0
187 236 7.0
187 238 5.0
187 263 14.0
187 269 14.0
187 297 13.0
188 31 11.0
188 48 10.0
188 98 13.0
188 118 6.0
188 131 4.0
188 143 9.0
188 158 12.0
188 160 3.0
188 179 11.0
188 180 4.0
189 3 10.0
189 4 10.0
189 15 2.0
189 30 9.0
189 36 7.0
189 41 13.0
189 49 11.0
189 55 11.0
189 57 4.0
189 68 6.0
189 86 9.0
189 139 8.0
189 150 8.0
189 173 11.0
189 184 6.0
189 186 13.0
189 198 14.0
189 203 8.0
189 216 11.0
189 228 11.0
189 240 12.0
189 248 13.0
189 252 14.0
189 255 12.0
189 259 4.0
189 282 4.0
189 291 6.0
190 0 13.0
190 29 11.0
190 45 7.0
190 46 14.0
190 53 12.0
190 88 7.0
190 91 4.0
190 103 6.0
190 109 13.0
190 114 13.0
190 115 9.0
190 168 14.0
190 196 2.0
190 207 7.0
190 215 11.0
190 224 4.0
191 22 3.0
191 43 4.0
191 66 14.0
191 72 11.0
191 95 13.0
191 102 6.0
191 113 7.0
191 117 10.0
191 126 7.0
191 128 7.0
191 134 10.0
191 140 10.0
191 165 8.0
191 170 9.0
191 176 10.0
191 187 5.0
191 205 10.0
191 236 5.0
191 238 10.0
192 1 5.0
192 10 14.0
192 11 11.0
192 28 10.0
192 67 6.0
192 78 7.0
192 106 9.0
192 120 13.0
192 129 13.0
192 145 12.0
192 147 11.0
192 166 13.0
192 199 11.0
192 220 13.0
192 262 14.0
192 284 10.0
192 286 12.0
192 287 6.0
192 288 12.0
193 2 14.0
193 8 10.0
193 66 9.0
193 70 1.0
193 81 5.0
193 92 12.0
193 98 13.0
193 101 13.0
193 152 10.0
193 176 9.0
193 205 13.0
193 211 2.0
193 237 11.0
193 241 14.0
193 249 14.0
193 275 7.0
193 298 12.0
194 56 9.0
194 59 13.0
194 69 8.0
194 71 12.0
194 121 7.0
194 123 2.0
194 144 4.0
194 195 5.0
194 221 8.0
194 230 12.0
194 242 11.0
194 279 11.0
195 56 13.0
195 59 10.0
195 69 11.0
195 71 6.0
195 121 2.0
195 123 4.0
195 135 11.0
195 144 2.0
195 182 10.0
195 194 5.0
195 221 12.0
195 244 14.0
195 272 14.0
196 0 12.0
196 29 11.0
196 45 8.0
196 46 14.0
196 53 12.0
196 88 6.0
196 91 4.0
196 103 7.0
196 109 11.0
196 115 7.0
196 190 2.0
196 207 8.0
196 209 14.0
196 212 14.0
196 215 9.0
196 224 5.0
197 47 10.0
197 62 9.0
197 100 6.0
197 111 5.0
197 130 10.0
197 153 7.0
197 169 12.0
197 201 13.0
197 232 8.0
197 243 14.0
197 246 9.0
197 293 14.0
198 30 5.0
198 32 6.0
198 41 4.0
198 52 1.0
198 57 12.0
198 58 9.0
198 68 8.0
198 82 8.0
198 133 14.0
198 138 13.0
198 139 7.0
198 184 14.0
198 189 14.0
198 244 11.0
198 252 6.0
198 260 12.0
198 261 6.0
198 269 9.0
198 282 14.0
198 285 10.0
198 291 12.0
199 7 13.0
199 10 3.0
199 44 13.0
199 67 14.0
199 86 13.0
199 106 8.0
199 124 11.0
199 125 12.0
199 129 11.0
199 142 13.0
199 145 6.0
199 150 13.0
199 166 10.0
199 173 11.0
199 174 10.0
199 186 12.0
199 192 11.0
199 216 14.0
199 262 9.0
199 287 14.0
200 16 13.0
200 97 14.0
200 157 13.0
200 217 14.0
200 223 10.0
200 226 14.0
200 258 13.0
200 268 14.0
200 273 9.0
200 281 11.0
201 6 7.0
201 16 8.0
201 62 10.0
201 65 11.0
201 100 11.0
201 130 10.0
201 153 13.0
201 169 9.0
201 197 13.0
201 232 9.0
201 246 10.0
201 266 8.0
201 273 14.0
201 277 13.0
202 1 11.0
202 28 7.0
202 37 7.0
202 60 1.0
202 78 14.0
202 120 14.0
202 141 4.0
202 147 12.0
202 149 5.0
202 157 11.0
202 162 8.0
202 220 11.0
202 226 7.0
202 278 4.0
202 283 11.0
202 294 14.0
203 4 4.0
203 10 14.0
203 15 6.0
203 36 10.0
203 44 10.0
203 49 13.0
203 55 6.0
203 57 11.0
203 68 14.0
203 86 1.0
203 107 13.0
203 124 12.0
203 125 12.0
203 145 14.0
203 150 2.0
203 173 9.0
203 178 13.0
203 184 9.0
203 186 5.0
203 189 8.0
203 216 3.0
203 228 9.0
203 240 10.0
203 248 14.0
203 255 11.0
203 259 4.0
203 262 14.0
203 282 11.0
203 291 11.0
204 0 13.0
204 13 11.0
204 17 14.0
204 19 14.0
204 33 13.0
204 35 3.0
204 40 8.0
204 137 14.0
204 148 13.0
204 167 7.0
204 175 12.0
204 183 6.0
204 210 11.0
204 212 11.0
204 219 11.0
204 225 8.0
204 243 13.0
204 245 7.0
204 251 13.0
204 256 4.0
204 271 11.0
204 289 9.0
204 293 13.0
205 2 8.0
205 22 11.0
205 43 13.0
205 66 5.0
205 70 14.0
205 102 5.0
205 113 3.0
205 128 10.0
205 134 11.0
205 138 12.0
205 140 3.0
205 152 8.0
205 176 5.0
205 181 11.0
205 187 11.0
205 191 10.0
205 193 13.0
205 211 13.0
205 236 5.0
205 238 14.0
205 297 6.0
206 7 7.0
206 9 14.0
206 44 13.0
206 85 6.0
206 124 11.0
206 125 11.0
206 129 13.0
206 132 4.0
206 142 6.0
206 174 9.0
206 178 12.0
206 213 11.0
207 29 7.0
207 45 13.0
207 46 9.0
207 53 7.0
207 88 6.0
207 91 11.0
207 103 12.0
207 105 13.0
207 114 13.0
207 115 13.0
207 127 9.0
207 155 9.0
207 190 7.0
207 196 8.0
207 209 11.0
207 215 13.0
207 224 8.0
208 14 10.0
208 33 8.0
208 40 13.0
208 61 11.0
208 80 4.0
208 114 14.0
208 122 14.0
208 136 14.0
208 154 5.0
208 163 14.0
208 168 13.0
208 218 5.0
208 219 12.0
208 225 12.0
208 245 14.0
208 250 13.0
208 251 8.0
208 254 5.0
208 271 9.0
209 5 12.0
209 29 4.0
209 46 3.0
209 53 4.0
209 88 8.0
209 115 14.0
209 127 14.0
209 196 14.0
209 207 11.0
209 215 12.0
209 231 11.0
210 13 11.0
210 17 5.0
210 19 4.0
210 35 13.0
210 47 14.0
210 51 14.0
210 62 9.0
210 65 12.0
210 100 11.0
210 111 12.0
210 130 9.0
210 137 5.0
210 148 1.0
210 153 9.0
210 169 10.0
210 175 4.0
210 204 11.0
210 225 12.0
210 243 4.0
210 245 9.0
210 246 9.0
210 251 13.0
210 271 13.0
210 293 2.0
211 2 12.0
211 8 12.0
211 66 8.0
211 70 4.0
211 81 4.0
211 92 13.0
211 98 11.0
211 101 14.0
211 152 8.0
211 176 10.0
211 193 2.0
211 205 13.0
211 233 13.0
211 237 12.0
211 241 12.0
211 275 9.0
211 298 13.0
212 0 2.0
212 35 9.0
212 40 11.0
212 45 9.0
212 91 10.0
212 103 9.0
212 109 10.0
212 161 8.0
212 167 4.0
212 183 6.0
212 196 14.0
212 204 11.0
212 219 11.0
212 224 14.0
212 225 14.0
212 253 11.0
212 256 7.0
212 289 12.0
213 7 10.0
213 9 6.0
213 23 4.0
213 26 14.0
213 44 13.0
213 50 7.0
213 83 5.0
213 84 11.0
213 85 5.0
213 107 11.0
213 124 13.0
213 125 12.0
213 132 7.0
213 174 14.0
213 178 9.0
213 206 11.0
213 214 6.0
213 264 9.0
214 9 3.0
214 23 4.0
214 50 8.0
214 83 4.0
214 84 10.0
214 85 11.0
214 132 12.0
214 213 6.0
214 264 3.0
215 5 10.0
215 29 11.0
215 46 13.0
215 53 13.0
215 88 7.0
215 91 11.0
215 109 11.0
215 115 3.0
215 190 11.0
215 196 9.0
215 207 13.0
215 209 12.0
215 224 14.0
215 231 10.0
216 4 4.0
216 7 13.0
216 10 12.0
216 15 9.0
216 26 14.0
216 36 12.0
216 44 7.0
216 49 13.0
216 55 5.0
216 57 14.0
216 86 3.0
216 107 10.0
216 124 9.0
216 125 9.0
216 145 14.0
216 150 4.0
216 173 11.0
216 174 12.0
216 178 10.0
216 184 12.0
216 186 2.0
216 189 11.0
216 199 14.0
216 203 3.0
216 228 9.0
216 240 10.0
216 255 12.0
216 259 7.0
216 282 13.0
216 291 14.0
217 12 6.0
217 16 14.0
217 27 8.0
217 54 9.0
217 89 2.0
217 151 6.0
217 156 8.0
217 200 14.0
217 265 1.0
217 268 11.0
217 270 6.0
217 281 4.0
218 14 8.0
218 33 6.0
218 35 14.0
218 40 10.0
218 47 13.0
218 80 7.0
218 154 6.0
218 175 12.0
218 208 5.0
218 219 10.0
218 225 8.0
218 243 12.0
218 245 9.0
218 251 3.0
218 254 5.0
218 271 5.0
218 293 14.0
219 0 11.0
219 33 4.0
219 35 8.0
219 40 3.0
219 45 10.0
219 80 10.0
219 91 14.0
219 103 11.0
219 114 13.0
219 154 7.0
219 163 14.0
219 167 9.0
219 168 12.0
219 183 7.0
219 204 11.0
219 208 12.0
219 212 11.0
219 218 10.0
219 224 14.0
219 225 6.0
219 245 9.0
219 251 10.0
219 254 7.0
219 256 9.0
219 271 6.0
220 1 9.0
220 28 12.0
220 37 11.0
220 60 11.0
220 63 11.0
220 67 8.0
220 76 13.0
220 116 10.0
220 119 7.0
220 141 14.0
220 162 8.0
220 171 14.0
220 172 7.0
220 192 13.0
220 202 11.0
220 235 13.0
220 278 14.0
220 286 4.0
220 295 9.0
221 56 13.0
221 58 13.0
221 59 13.0
221 69 3.0
221 121 14.0
221 123 9.0
221 138 13.0
221 144 12.0
221 181 13.0
221 194 8.0
221 195 12.0
221 230 5.0
221 242 7.0
221 244 14.0
221 247 7.0
221 261 14.0
221 276 8.0
221 279 3.0
222 5 10.0
222 20 4.0
222 24 8.0
222 64 14.0
222 96 5.0
222 112 8.0
222 146 6.0
222 231 11.0
222 249 12.0
222 257 9.0
222 274 3.0
223 6 11.0
223 16 14.0
223 18 11.0
223 37 13.0
223 75 13.0
223 94 14.0
223 99 11.0
223 110 6.0
223 159 9.0
223 200 10.0
223 226 13.0
223 266 13.0
223 273 5.0
223 277 7.0
223 280 7.0
224 0 12.0
224 29 14.0
224 45 5.0
224 53 14.0
224 88 10.0
224 91 5.0
224 103 4.0
224 114 10.0
224 115 12.0
224 155 14.0
224 163 12.0
224 168 10.0
224 190 4.0
224 196 5.0
224 207 8.0
224 212 14.0
224 215 14.0
224 219 14.0
225 14 14.0
225 33 6.0
225 35 6.0
225 40 4.0
225 80 12.0
225 148 13.0
225 154 9.0
225 167 10.0
225 175 10.0
225 183 8.0
225 204 8.0
225 208 12.0
225 210 12.0
225 212 14.0
225 218 8.0
225 219 6.0
225 243 11.0
225 245 3.0
225 251 6.0
225 254 8.0
225 256 8.0
225 271 3.0
225 293 12.0
226 28 14.0
226 37 6.0
226 60 6.0
226 141 8.0
226 149 4.0
226 157 7.0
226 162 9.0
226 200 14.0
226 202 7.0
226 223 13.0
226 258 14.0
226 278 3.0
226 283 10.0
227 13 12.0
227 42 3.0
227 72 13.0
227 95 14.0
227 104 3.0
227 164 6.0
227 170 14.0
227 177 6.0
227 234 12.0
227 263 11.0
227 267 4.0
227 289 10.0
227 292 13.0
227 296 12.0
228 3 10.0
228 4 5.0
228 15 11.0
228 26 9.0
228 36 6.0
228 38 13.0
228 44 13.0
228 49 5.0
228 55 4.0
228 57 12.0
228 73 14.0
228 86 10.0
228 90 7.0
228 107 9.0
228 150 11.0
228 178 14.0
228 186 11.0
228 189 11.0
228 203 9.0
228 216 9.0
228 240 1.0
228 255 3.0
228 259 9.0
228 282 10.0
229 25 14.0
229 76 14.0
229 116 14.0
229 119 13.0
229 133 11.0
229 172 13.0
229 177 13.0
229 235 8.0
229 260 11.0
229 263 10.0
229 285 13.0
229 290 13.0
229 292 7.0
229 295 9.0
230 2 11.0
230 31 13.0
230 56 13.0
230 69 8.0
230 123 13.0
230 138 13.0
230 152 13.0
230 158 13.0
230 179 13.0
230 181 12.0
230 194 12.0
230 221 5.0
230 233 10.0
230 241 12.0
230 242 4.0
230 247 3.0
230 276 5.0
230 279 5.0
231 5 1.0
231 20 12.0
231 24 12.0
231 29 13.0
231 46 14.0
231 88 14.0
231 96 10.0
231 115 13.0
231 209 11.0
231 215 10.0
231 222 11.0
231 274 13.0
232 62 13.0
232 100 11.0
232 111 13.0
232 130 14.0
232 153 13.0
232 169 14.0
232 197 8.0
232 201 9.0
232 246 13.0
233 2 12.0
233 31 9.0
233 48 11.0
233 81 11.0
233 98 6.0
233 152 11.0
233 158 10.0
233 179 8.0
233 211 13.0
233 230 10.0
233 241 2.0
233 242 9.0
233 247 10.0
233 276 12.0
234 13 12.0
234 18 8.0
234 42 10.0
234 51 8.0
234 63 13.0
234 75 7.0
234 94 10.0
234 99 11.0
234 104 12.0
234 110 13.0
234 116 14.0
234 159 10.0
234 171 9.0
234 177 8.0
234 227 12.0
234 267 9.0
234 280 13.0
234 290 8.0
234 296 1.0
234 299 10.0
235 63 14.0
235 67 14.0
235 76 6.0
235 116 13.0
235 119 6.0
235 166 13.0
235 172 6.0
235 220 13.0
235 229 8.0
235 248 11.0
235 260 13.0
235 262 13.0
235 285 13.0
235 286 9.0
235 292 14.0
235 295 4.0
236 2 13.0
236 22 6.0
236 43 9.0
236 66 9.0
236 102 3.0
236 113 2.0
236 117 13.0
236 126 12.0
236 128 7.0
236 134 10.0
236 140 6.0
236 152 13.0
236 165 11.0
236 170 14.0
236 176 6.0
236 187 7.0
236 191 5.0
236 205 5.0
236 238 12.0
236 297 10.0
237 8 11.0
237 21 8.0
237 70 11.0
237 77 8.0
237 79 8.0
237 81 9.0
237 92 7.0
237 98 14.0
237 101 3.0
237 185 9.0
237 193 11.0
237 211 12.0
237 275 6.0
237 298 1.0
238 22 7.0
238 25 7.0
238 32 14.0
238 43 9.0
238 72 9.0
238 95 5.0
238 102 9.0
238 113 12.0
238 117 2.0
238 126 11.0
238 128 4.0
238 133 9.0
238 134 4.0
238 140 12.0
238 170 10.0
238 187 5.0
238 191 10.0
238 205 14.0
238 236 12.0
238 260 14.0
238 263 11.0
238 269 11.0
238 292 14.0
238 297 14.0
239 20 14.0
239 24 10.0
239 34 0.0
239 64 4.0
239 93 3.0
239 96 13.0
239 108 6.0
239 112 10.0
239 165 7.0
239 249 12.0
239 253 13.0
239 257 9.0
240 3 9.0
240 4 7.0
240 15 12.0
240 26 9.0
240 36 6.0
240 38 12.0
240 44 14.0
240 49 4.0
240 55 5.0
240 57 12.0
240 73 13.0
240 86 11.0
240 90 6.0
240 107 10.0
240 150 12.0
240 186 12.0
240 189 12.0
240 203 10.0
240 216 10.0
240 228 1.0
240 255 1.0
240 259 9.0
240 282 10.0
241 2 13.0
241 31 9.0
241 48 11.0
241 81 10.0
241 98 4.0
241 118 14.0
241 152 12.0
241 158 10.0
241 179 8.0
241 193 14.0
241 211 12.0
241 230 12.0
241 233 2.0
241 242 11.0
241 247 12.0
241 276 14.0
242 2 14.0
242 31 10.0
242 48 12.0
242 56 10.0
242 69 10.0
242 123 13.0
242 158 9.0
242 179 9.0
242 194 11.0
242 221 7.0
242 230 4.0
242 233 9.0
242 241 11.0
242 247 6.0
242 276 9.0
242 279 8.0
243 14 10.0
243 17 9.0
243 19 8.0
243 35 14.0
243 40 14.0
243 47 10.0
243 62 10.0
243 100 10.0
243 111 9.0
243 130 10.0
243 137 9.0
243 148 4.0
243 153 8.0
243 169 12.0
243 175 1.0
243 197 14.0
243 204 13.0
243 210 4.0
243 218 12.0
243 225 11.0
243 245 8.0
243 246 10.0
243 251 9.0
243 271 11.0
243 293 3.0
244 3 12.0
244 30 12.0
244 52 12.0
244 57 12.0
244 58 13.0
244 59 4.0
244 68 13.0
244 69 11.0
244 71 14.0
244 73 12.0
244 123 14.0
244 135 8.0
244 139 14.0
244 182 10.0
244 195 14.0
244 198 11.0
244 221 14.0
244 261 8.0
244 272 13.0
244 279 14.0
244 282 12.0
245 14 13.0
245 17 13.0
245 19 13.0
245 33 9.0
245 35 7.0
245 40 6.0
245 80 14.0
245 137 13.0
245 148 10.0
245 154 12.0
245 167 12.0
245 175 8.0
245 183 9.0
245 204 7.0
245 208 14.0
245 210 9.0
245 218 9.0
245 219 9.0
245 225 3.0
245 243 8.0
245 251 6.0
245 254 11.0
245 256 9.0
245 271 5.0
245 293 9.0
246 17 9.0
246 19 8.0
246 47 13.0
246 62 0.0
246 65 9.0
246 100 3.0
246 111 7.0
246 130 1.0
246 137 9.0
246 148 8.0
246 153 4.0
246 169 4.0
246 175 10.0
246 197 9.0
246 201 10.0
246 210 9.0
246 232 13.0
246 243 10.0
246 266 11.0
246 293 9.0
247 2 8.0
247 58 13.0
247 66 14.0
247 69 9.0
247 138 11.0
247 152 11.0
247 179 14.0
247 181 9.0
247 221 7.0
247 230 3.0
247 233 10.0
247 241 12.0
247 242 6.0
247 276 3.0
247 279 5.0
247 297 12.0
248 15 12.0
248 30 14.0
248 41 14.0
248 68 12.0
248 76 7.0
248 82 13.0
248 86 13.0
248 119 13.0
248 139 11.0
248 145 9.0
248 150 12.0
248 166 6.0
248 172 13.0
248 173 6.0
248 184 7.0
248 189 13.0
248 203 14.0
248 235 11.0
248 252 13.0
248 259 14.0
248 262 6.0
248 285 12.0
248 291 8.0
249 8 5.0
249 20 9.0
249 24 9.0
249 34 12.0
249 64 9.0
249 70 13.0
249 79 11.0
249 92 9.0
249 93 12.0
249 96 11.0
249 101 14.0
249 112 6.0
249 146 7.0
249 193 14.0
249 222 12.0
249 239 12.0
249 257 5.0
249 274 9.0
249 275 11.0
250 39 9.0
250 61 4.0
250 74 14.0
250 80 10.0
250 114 6.0
250 122 3.0
250 136 1.0
250 154 12.0
250 163 4.0
250 168 6.0
250 208 13.0
250 254 13.0
251 14 8.0
251 33 7.0
251 35 12.0
251 40 9.0
251 47 12.0
251 80 9.0
251 148 13.0
251 154 8.0
251 175 9.0
251 183 14.0
251 204 13.0
251 208 8.0
251 210 13.0
251 218 3.0
251 219 10.0
251 225 6.0
251 243 9.0
251 245 6.0
251 254 7.0
251 256 14.0
251 271 4.0
251 293 12.0
252 25 12.0
252 30 6.0
252 32 6.0
252 41 2.0
252 52 6.0
252 57 14.0
252 58 13.0
252 68 8.0
252 82 2.0
252 133 10.0
252 139 6.0
252 184 12.0
252 189 14.0
252 198 6.0
252 248 13.0
252 260 7.0
252 261 11.0
252 269 9.0
252 285 4.0
252 291 10.0
253 0 11.0
253 34 13.0
253 93 13.0
253 108 7.0
253 109 6.0
253 115 13.0
253 126 14.0
253 161 4.0
253 165 14.0
253 212 11.0
253 239 13.0
254 14 13.0
254 33 3.0
254 35 13.0
254 40 9.0
254 61 13.0
254 80 4.0
254 114 12.0
254 136 14.0
254 154 1.0
254 163 12.0
254 168 10.0
254 183 13.0
254 208 5.0
254 218 5.0
254 219 7.0
254 225 8.0
254 245 11.0
254 250 13.0
254 251 7.0
254 271 6.0
255 3 8.0
255 4 8.0
255 15 12.0
255 26 10.0
255 36 6.0
255 38 12.0
255 49 3.0
255 55 6.0
255 57 12.0
255 73 12.0
255 86 13.0
255 90 4.0
255 107 11.0
255 150 13.0
255 186 14.0
255 189 12.0
255 203 11.0
255 216 12.0
255 228 3.0
255 240 1.0
255 259 10.0
255 272 13.0
255 282 10.0
256 0 9.0
256 13 14.0
256 33 12.0
256 35 2.0
256 40 6.0
256 45 13.0
256 103 14.0
256 161 14.0
256 167 3.0
256 183 2.0
256 204 4.0
256 212 7.0
256 219 9.0
256 225 8.0
256 245 9.0
256 251 14.0
256 271 11.0
256 289 9.0
257 8 10.0
257 20 5.0
257 24 4.0
257 34 9.0
257 64 5.0
257 92 13.0
257 93 9.0
257 96 6.0
257 112 1.0
257 146 8.0
257 222 9.0
257 239 9.0
257 249 5.0
257 274 7.0
258 97 5.0
258 149 13.0
258 157 8.0
258 200 13.0
258 226 14.0
258 268 14.0
258 283 8.0
258 294 13.0
259 3 11.0
259 4 6.0
259 15 3.0
259 30 13.0
259 36 7.0
259 44 14.0
259 49 10.0
259 55 7.0
259 57 7.0
259 68 10.0
259 86 5.0
259 90 14.0
259 139 12.0
259 150 5.0
259 173 10.0
259 184 8.0
259 186 9.0
259 189 4.0
259 203 4.0
259 216 7.0
259 228 9.0
259 240 9.0
259 248 14.0
259 255 10.0
259 282 7.0
259 291 9.0
260 25 7.0
260 30 13.0
260 32 9.0
260 41 9.0
260 52 11.0
260 68 14.0
260 82 5.0
260 133 4.0
260 134 14.0
260 139 12.0
260 198 12.0
260 229 11.0
260 235 13.0
260 238 14.0
260 252 7.0
260 263 14.0
260 269 8.0
260 285 4.0
260 292 13.0
261 30 9.0
261 32 9.0
261 41 10.0
261 52 6.0
261 57 14.0
261 58 6.0
261 59 11.0
261 68 12.0
261 69 12.0
261 82 13.0
261 138 10.0
261 139 12.0
261 181 12.0
261 198 6.0
261 221 14.0
261 244 8.0
261 252 11.0
261 269 12.0
261 276 14.0
261 279 13.0
262 10 12.0
262 67 11.0
262 76 7.0
262 86 13.0
262 119 12.0
262 145 3.0
262 150 12.0
262 166 1.0
262 172 12.0
262 173 5.0
262 184 11.0
262 192 14.0
262 199 9.0
262 203 14.0
262 235 13.0
262 248 6.0
262 286 13.0
262 291 13.0
263 25 11.0
263 42 14.0
263 72 10.0
263 95 6.0
263 104 14.0
263 117 9.0
263 133 11.0
263 134 14.0
263 164 12.0
263 170 12.0
263 177 10.0
263 187 14.0
263 227 11.0
263 229 10.0
263 238 11.0
263 260 14.0
263 267 14.0
263 292 4.0
264 9 5.0
264 23 7.0
264 50 10.0
264 83 6.0
264 84 11.0
264 85 14.0
264 213 9.0
264 214 3.0
265 12 5.0
265 16 13.0
265 27 9.0
265 54 10.0
265 89 1.0
265 151 5.0
265 156 9.0
265 217 1.0
265 268 12.0
265 270 7.0
265 281 6.0
266 6 5.0
266 16 11.0
266 17 13.0
266 18 13.0
266 19 13.0
266 51 12.0
266 62 11.0
266 65 5.0
266 94 8.0
266 99 8.0
266 100 14.0
266 110 13.0
266 130 11.0
266 137 13.0
266 159 13.0
266 169 8.0
266 201 8.0
266 223 13.0
266 246 11.0
266 273 10.0
266 277 6.0
266 280 12.0
266 299 9.0
267 13 9.0
267 42 1.0
267 51 12.0
267 104 3.0
267 164 9.0
267 177 6.0
267 227 4.0
267 234 9.0
267 263 14.0
267 289 10.0
267 296 9.0
268 27 4.0
268 54 7.0
268 89 13.0
268 97 9.0
268 156 10.0
268 200 14.0
268 217 11.0
268 258 14.0
268 265 12.0
268 270 7.0
268 281 7.0
269 25 6.0
269 30 13.0
269 32 4.0
269 41 9.0
269 52 8.0
269 58 10.0
269 82 8.0
269 117 13.0
269 128 12.0
269 133 7.0
269 134 9.0
269 138 11.0
269 139 14.0
269 140 14.0
269 181 13.0
269 187 14.0
269 198 9.0
269 238 11.0
269 252 9.0
269 260 8.0
269 261 12.0
269 285 9.0
269 297 13.0
270 12 12.0
270 27 3.0
270 54 3.0
270 89 7.0
270 151 9.0
270 156 4.0
270 217 6.0
270 265 7.0
270 268 7.0
270 281 6.0
271 14 12.0
271 33 4.0
271 35 9.0
271 40 5.0
271 80 9.0
271 148 14.0
271 154 7.0
271 167 13.0
271 175 11.0
271 183 10.0
271 204 11.0
271 208 9.0
271 210 13.0
271 218 5.0
271 219 6.0
271 225 3.0
271 243 11.0
271 245 5.0
271 251 4.0
271 254 6.0
271 256 11.0
271 293 13.0
272 3 8.0
272 36 13.0
272 49 11.0
272 59 11.0
272 71 9.0
272 73 2.0
272 90 10.0
272 121 13.0
272 135 6.0
272 182 4.0
272 195 14.0
272 244 13.0
272 255 13.0
272 282 14.0
273 6 7.0
273 16 9.0
273 18 14.0
273 99 12.0
273 110 10.0
273 159 13.0
273 200 9.0
273 201 14.0
273 223 5.0
273 266 10.0
273 277 6.0
273 280 10.0
274 5 12.0
274 8 14.0
274 20 2.0
274 24 7.0
274 64 12.0
274 79 14.0
274 96 5.0
274 112 6.0
274 146 4.0
274 222 3.0
274 231 13.0
274 249 9.0
274 257 7.0
275 8 6.0
275 21 11.0
275 70 6.0
275 77 14.0
275 79 9.0
275 81 8.0
275 92 5.0
275 101 6.0
275 193 7.0
275 211 9.0
275 237 6.0
275 249 11.0
275 298 6.0
276 2 7.0
276 58 10.0
276 66 14.0
276 69 9.0
276 138 8.0
276 140 14.0
276 152 11.0
276 181 7.0
276 221 8.0
276 230 5.0
276 233 12.0
276 241 14.0
276 242 9.0
276 247 3.0
276 261 14.0
276 279 5.0
276 297 10.0
277 6 7.0
277 16 12.0
277 18 9.0
277 51 13.0
277 65 10.0
277 75 13.0
277 94 8.0
277 99 6.0
277 110 7.0
277 159 8.0
277 169 14.0
277 201 13.0
277 223 7.0
277 266 6.0
277 273 6.0
277 280 6.0
277 299 9.0
278 28 11.0
278 37 6.0
278 60 3.0
278 141 5.0
278 149 2.0
278 157 8.0
278 162 9.0
278 202 4.0
278 220 14.0
278 226 3.0
278 283 9.0
278 294 14.0
279 2 12.0
279 58 11.0
279 59 14.0
279 69 4.0
279 123 12.0
279 138 10.0
279 181 10.0
279 194 11.0
279 221 3.0
279 230 5.0
279 242 8.0
279 244 14.0
279 247 5.0
279 261 13.0
279 276 5.0
279 297 14.0
280 6 13.0
280 18 4.0
280 37 13.0
280 51 12.0
280 63 13.0
280 65 13.0
280 75 7.0
280 94 9.0
280 99 6.0
280 110 1.0
280 116 14.0
280 159 3.0
280 162 14.0
280 171 11.0
280 223 7.0
280 234 13.0
280 266 12.0
280 273 10.0
280 277 6.0
280 290 13.0
280 296 12.0
280 299 10.0
281 12 11.0
281 27 5.0
281 54 9.0
281 89 7.0
281 97 14.0
281 151 10.0
281 156 9.0
281 200 11.0
281 217 4.0
281 265 6.0
281 268 7.0
281 270 6.0
282 3 6.0
282 4 11.0
282 15 6.0
282 30 10.0
282 36 4.0
282 41 14.0
282 49 8.0
282 55 11.0
282 57 2.0
282 59 14.0
282 68 9.0
282 73 12.0
282 86 12.0
282 90 12.0
282 135 13.0
282 139 11.0
282 150 12.0
282 184 10.0
282 189 4.0
282 198 14.0
282 203 11.0
282 216 13.0
282 228 10.0
282 240 10.0
282 244 12.0
282 255 10.0
282 259 7.0
282 272 14.0
282 291 10.0
283 28 14.0
283 60 12.0
283 97 14.0
283 141 8.0
283 149 7.0
283 157 5.0
283 202 11.0
283 226 10.0
283 258 8.0
283 278 9.0
283 294 7.0
284 1 12.0
284 11 3.0
284 28 12.0
284 78 6.0
284 87 9.0
284 106 9.0
284 120 8.0
284 129 10.0
284 147 8.0
284 192 10.0
284 287 4.0
284 288 5.0
285 25 10.0
285 30 10.0
285 32 8.0
285 41 6.0
285 52 9.0
285 68 11.0
285 82 2.0
285 133 8.0
285 139 9.0
285 184 13.0
285 198 10.0
285 229 13.0
285 235 13.0
285 248 12.0
285 252 4.0
285 260 4.0
285 269 9.0
285 291 11.0
286 1 10.0
286 63 13.0
286 67 6.0
286 76 8.0
286 116 12.0
286 119 3.0
286 145 14.0
286 162 12.0
286 166 12.0
286 172 3.0
286 192 12.0
286 220 4.0
286 235 9.0
286 262 13.0
286 295 7.0
287 1 8.0
287 11 6.0
287 28 9.0
287 67 12.0
287 78 3.0
287 87 12.0
287 106 8.0
287 120 8.0
287 129 11.0
287 147 7.0
287 192 6.0
287 199 14.0
287 284 4.0
287 288 6.0
288 1 12.0
288 11 8.0
288 28 9.0
288 78 5.0
288 87 13.0
288 106 13.0
288 120 3.0
288 141 14.0
288 147 4.0
288 192 12.0
288 284 5.0
288 287 6.0
288 294 13.0
289 0 14.0
289 13 10.0
289 35 11.0
289 42 9.0
289 104 7.0
289 161 13.0
289 164 9.0
289 167 9.0
289 183 11.0
289 204 9.0
289 212 12.0
289 227 10.0
289 256 9.0
289 267 10.0
290 18 10.0
290 63 6.0
290 75 6.0
290 110 13.0
290 116 6.0
290 159 11.0
290 162 14.0
290 171 3.0
290 177 10.0
290 229 13.0
290 234 8.0
290 280 13.0
290 292 13.0
290 295 12.0
290 296 9.0
291 4 14.0
291 15 6.0
291 30 7.0
291 36 13.0
291 41 9.0
291 52 13.0
291 57 8.0
291 68 4.0
291 82 11.0
291 86 11.0
291 139 5.0
291 150 10.0
291 166 13.0
291 173 9.0
291 184 2.0
291 189 6.0
291 198 12.0
291 203 11.0
291 216 14.0
291 248 8.0
291 252 10.0
291 259 9.0
291 262 13.0
291 282 10.0
291 285 11.0
292 25 12.0
292 72 14.0
292 95 9.0
292 117 13.0
292 133 11.0
292 177 9.0
292 227 13.0
292 229 7.0
292 235 14.0
292 238 14.0
292 260 13.0
292 263 4.0
292 290 13.0
293 13 13.0
293 14 13.0
293 17 6.0
293 19 6.0
293 35 14.0
293 47 12.0
293 62 9.0
293 65 13.0
293 100 9.0
293 111 10.0
293 130 8.0
293 137 6.0
293 148 1.0
293 153 8.0
293 169 10.0
293 175 2.0
293 197 14.0
293 204 13.0
293 210 2.0
293 218 14.0
293 225 12.0
293 243 3.0
293 245 9.0
293 246 9.0
293 251 12.0
293 271 13.0
294 28 13.0
294 120 10.0
294 141 10.0
294 147 11.0
294 149 12.0
294 157 12.0
294 202 14.0
294 258 13.0
294 278 14.0
294 283 7.0
294 288 13.0
295 63 10.0
295 67 13.0
295 76 9.0
295 116 9.0
295 119 4.0
295 162 14.0
295 171 12.0
295 172 4.0
295 220 9.0
295 229 9.0
295 235 4.0
295 286 7.0
295 290 12.0
296 13 11.0
296 18 8.0
296 42 10.0
296 51 7.0
296 63 14.0
296 75 7.0
296 94 9.0
296 99 10.0
296 104 12.0
296 110 13.0
296 116 14.0
296 159 9.0
296 171 10.0
296 177 9.0
296 227 12.0
296 234 1.0
296 267 9.0
296 280 12.0
296 290 9.0
296 299 9.0
297 2 6.0
297 22 14.0
297 32 14.0
297 58 9.0
297 66 9.0
297 102 8.0
297 113 8.0
297 128 11.0
297 134 10.0
297 138 6.0
297 140 4.0
297 152 9.0
297 176 12.0
297 181 4.0
297 187 13.0
297 205 6.0
297 236 10.0
297 238 14.0
297 247 12.0
297 269 13.0
297 276 10.0
297 279 14.0
298 8 11.0
298 21 7.0
298 70 12.0
298 77 7.0
298 79 8.0
298 81 10.0
298 92 7.0
298 101 2.0
298 185 9.0
298 193 12.0
298 211 13.0
298 237 1.0
298 275 6.0
299 6 13.0
299 13 11.0
299 17 10.0
299 18 8.0
299 19 11.0
299 51 4.0
299 65 6.0
299 75 11.0
299 94 1.0
299 99 4.0
299 110 11.0
299 130 14.0
299 137 10.0
299 159 9.0
299 169 11.0
299 234 10.0
299 266 9.0
299 277 9.0
299 280 10.0
299 296 9.0
