1000
6746
0 12.0 42.0
1 97.0 32.0
2 37.0 16.0
3 51.0 12.0
4 58.0 51.0
5 95.0 75.0
6 70.0 22.0
7 93.0 96.0
8 66.0 38.0
9 75.0 13.0
10 51.0 74.0
11 90.0 26.0
12 90.0 85.0
13 0.0 30.0
14 72.0 21.0
15 35.0 13.0
16 33.0 36.0
17 31.0 90.0
18 44.0 88.0
19 10.0 5.0
20 50.0 33.0
21 16.0 71.0
22 24.0 28.0
23 81.0 59.0
24 48.0 54.0
25 70.0 74.0
26 10.0 24.0
27 69.0 61.0
28 0.0 72.0
29 79.0 3.0
30 95.0 14.0
31 99.0 69.0
32 38.0 88.0
33 46.0 48.0
34 84.0 82.0
35 2.0 91.0
36 84.0 27.0
37 54.0 56.0
38 26.0 33.0
39 6.0 4.0
40 45.0 91.0
41 97.0 44.0
42 18.0 35.0
43 48.0 76.0
44 74.0 9.0
45 36.0 95.0
46 69.0 13.0
47 94.0 63.0
48 64.0 35.0
49 61.0 50.0
50 43.0 17.0
51 39.0 67.0
52 55.0 70.0
53 61.0 77.0
54 18.0 8.0
55 40.0 3.0
56 38.0 20.0
57 50.0 82.0
58 34.0 15.0
59 90.0 100.0
60 3.0 18.0
61 89.0 2.0
62 94.0 86.0
63 42.0 20.0
64 69.0 61.0
65 6.0 78.0
66 71.0 10.0
67 45.0 100.0
68 85.0 50.0
69 3.0 14.0
70 24.0 92.0
71 38.0 28.0
72 87.0 27.0
73 2.0 64.0
74 9.0 20.0
75 29.0 13.0
76 60.0 50.0
77 73.0 95.0
78 72.0 34.0
79 50.0 13.0
80 33.0 58.0
81 38.0 39.0
82 27.0 1.0
83 55.0 28.0
84 7.0 98.0
85 47.0 3.0
86 70.0 52.0
87 16.0 79.0
88 100.0 33.0
89 76.0 30.0
90 97.0 40.0
91 33.0 20.0
92 43.0 47.0
93 93.0 7.0
94 94.0 12.0
95 47.0 59.0
96 87.0 16.0
97 73.0 72.0
98 38.0 12.0
99 40.0 89.0
100 77.0 12.0
101 80.0 72.0
102 39.0 72.0
103 61.0 41.0
104 19.0 52.0
105 47.0 56.0
106 78.0 26.0
107 90.0 29.0
108 48.0 24.0
109 4.0 30.0
110 49.0 82.0
111 57.0 37.0
112 66.0 42.0
113 48.0 92.0
114 2.0 32.0
115 61.0 70.0
116 4.0 2.0
117 51.0 11.0
118 39.0 61.0
119 59.0 72.0
120 38.0 67.0
121 59.0 54.0
122 19.0 27.0
123 25.0 72.0
124 61.0 82.0
125 14.0 51.0
126 67.0 89.0
127 94.0 31.0
128 81.0 97.0
129 2.0 40.0
130 100.0 13.0
131 39.0 84.0
132 8.0 66.0
133 34.0 64.0
134 7.0 94.0
135 54.0 5.0
136 41.0 35.0
137 76.0 96.0
138 49.0 60.0
139 34.0 45.0
140 83.0 36.0
141 10.0 100.0
142 71.0 54.0
143 79.0 6.0
144 30.0 62.0
145 92.0 77.0
146 37.0 12.0
147 61.0 69.0
148 5.0 80.0
149 21.0 47.0
150 28.0 75.0
151 30.0 82.0
152 65.0 10.0
153 53.0 59.0
154 68.0 7.0
155 48.0 62.0
156 73.0 80.0
157 18.0 35.0
158 72.0 6.0
159 85.0 97.0
160 14.0 30.0
161 21.0 90.0
162 15.0 39.0
163 2.0 19.0
164 16.0 24.0
165 37.0 85.0
166 88.0 20.0
167 17.0 12.0
168 94.0 100.0
169 33.0 99.0
170 78.0 28.0
171 25.0 57.0
172 20.0 68.0
173 75.0 44.0
174 74.0 29.0
175 6.0 32.0
176 98.0 19.0
177 3.0 32.0
178 22.0 41.0
179 77.0 32.0
180 98.0 27.0
181 84.0 83.0
182 48.0 73.0
183 24.0 54.0
184 68.0 44.0
185 71.0 53.0
186 33.0 10.0
187 54.0 87.0
188 39.0 22.0
189 36.0 74.0
190 17.0 35.0
191 54.0 78.0
192 85.0 14.0
193 45.0 76.0
194 51.0 9.0
195 14.0 85.0
196 3.0 41.0
197 3.0 20.0
198 38.0 40.0
199 92.0 24.0
200 25.0 15.0
201 81.0 55.0
202 24.0 29.0
203 5.0 75.0
204 90.0 69.0
205 2.0 85.0
206 30.0 67.0
207 72.0 9.0
208 16.0 32.0
209 59.0 7.0
210 41.0 6.0
211 58.0 40.0
212 61.0 32.0
213 67.0 60.0
214 86.0 54.0
215 80.0 28.0
216 68.0 45.0
217 4.0 92.0
218 82.0 50.0
219 80.0 76.0
220 27.0 100.0
221 75.0 32.0
222 27.0 20.0
223 86.0 0.0
224 1.0 10.0
225 94.0 29.0
226 48.0 27.0
227 97.0 64.0
228 91.0 9.0
229 100.0 97.0
230 65.0 63.0
231 70.0 17.0
232 50.0 83.0
233 14.0 70.0
234 10.0 42.0
235 10.0 62.0
236 65.0 50.0
237 32.0 67.0
238 9.0 93.0
239 67.0 51.0
240 66.0 26.0
241 0.0 3.0
242 34.0 75.0
243 5.0 88.0
244 31.0 64.0
245 11.0 23.0
246 67.0 37.0
247 99.0 73.0
248 92.0 67.0
249 32.0 19.0
250 34.0 20.0
251 64.0 36.0
252 80.0 12.0
253 34.0 68.0
254 7.0 66.0
255 32.0 28.0
256 37.0 33.0
257 8.0 6.0
258 88.0 71.0
259 29.0 75.0
260 97.0 48.0
261 69.0 18.0
262 3.0 11.0
263 15.0 16.0
264 22.0 33.0
265 77.0 10.0
266 89.0 18.0
267 85.0 74.0
268 25.0 69.0
269 52.0 96.0
270 43.0 94.0
271 56.0 35.0
272 33.0 27.0
273 45.0 17.0
274 65.0 84.0
275 80.0 26.0
276 67.0 66.0
277 86.0 67.0
278 25.0 44.0
279 61.0 33.0
280 37.0 37.0
281 40.0 6.0
282 20.0 78.0
283 60.0 86.0
284 80.0 52.0
285 21.0 71.0
286 12.0 36.0
287 22.0 10.0
288 3.0 40.0
289 62.0 26.0
290 57.0 86.0
291 61.0 8.0
292 92.0 96.0
293 39.0 3.0
294 75.0 7.0
295 76.0 39.0
296 96.0 11.0
297 77.0 36.0
298 14.0 72.0
299 99.0 5.0
300 21.0 26.0
301 18.0 82.0
302 97.0 3.0
303 90.0 41.0
304 70.0 49.0
305 3.0 75.0
306 84.0 32.0
307 21.0 0.0
308 21.0 41.0
309 7.0 74.0
310 62.0 96.0
311 35.0 61.0
312 32.0 42.0
313 37.0 92.0
314 52.0 42.0
315 56.0 2.0
316 15.0 98.0
317 68.0 8.0
318 6.0 34.0
319 86.0 17.0
320 12.0 24.0
321 81.0 11.0
322 12.0 69.0
323 27.0 73.0
324 69.0 97.0
325 40.0 33.0
326 57.0 66.0
327 1.0 40.0
328 95.0 71.0
329 4.0 51.0
330 96.0 72.0
331 62.0 23.0
332 44.0 51.0
333 68.0 80.0
334 30.0 94.0
335 28.0 91.0
336 64.0 86.0
337 95.0 79.0
338 96.0 66.0
339 65.0 91.0
340 95.0 50.0
341 49.0 57.0
342 19.0 99.0
343 4.0 68.0
344 10.0 24.0
345 70.0 26.0
346 87.0 78.0
347 89.0 55.0
348 46.0 5.0
349 46.0 56.0
350 34.0 0.0
351 65.0 84.0
352 44.0 3.0
353 59.0 29.0
354 47.0 67.0
355 65.0 35.0
356 10.0 97.0
357 22.0 87.0
358 44.0 85.0
359 54.0 44.0
360 75.0 62.0
361 39.0 37.0
362 79.0 30.0
363 38.0 13.0
364 89.0 97.0
365 36.0 27.0
366 63.0 71.0
367 49.0 94.0
368 3.0 2.0
369 65.0 48.0
370 25.0 76.0
371 54.0 56.0
372 13.0 95.0
373 65.0 97.0
374 38.0 39.0
375 70.0 57.0
376 68.0 65.0
377 39.0 8.0
378 92.0 92.0
379 56.0 54.0
380 67.0 95.0
381 83.0 48.0
382 84.0 1.0
383 27.0 50.0
384 8.0 10.0
385 69.0 30.0
386 57.0 62.0
387 30.0 53.0
388 49.0 29.0
389 68.0 85.0
390 18.0 36.0
391 35.0 92.0
392 91.0 25.0
393 77.0 94.0
394 96.0 93.0
395 65.0 17.0
396 20.0 28.0
397 71.0 89.0
398 43.0 60.0
399 65.0 79.0
400 39.0 22.0
401 97.0 53.0
402 81.0 87.0
403 60.0 71.0
404 88.0 13.0
405 99.0 87.0
406 32.0 71.0
407 79.0 65.0
408 34.0 83.0
409 10.0 25.0
410 11.0 19.0
411 36.0 84.0
412 78.0 48.0
413 76.0 15.0
414 54.0 19.0
415 86.0 100.0
416 17.0 86.0
417 84.0 94.0
418 8.0 65.0
419 9.0 28.0
420 39.0 8.0
421 13.0 26.0
422 11.0 53.0
423 87.0 78.0
424 62.0 77.0
425 40.0 84.0
426 42.0 32.0
427 67.0 74.0
428 36.0 12.0
429 48.0 94.0
430 10.0 98.0
431 43.0 44.0
432 56.0 24.0
433 30.0 62.0
434 23.0 42.0
435 91.0 69.0
436 80.0 69.0
437 2.0 70.0
438 44.0 8.0
439 29.0 5.0
440 34.0 20.0
441 39.0 100.0
442 30.0 15.0
443 2.0 50.0
444 45.0 91.0
445 9.0 22.0
446 18.0 43.0
447 13.0 3.0
448 42.0 67.0
449 90.0 63.0
450 96.0 4.0
451 41.0 37.0
452 17.0 18.0
453 55.0 31.0
454 73.0 26.0
455 18.0 95.0
456 39.0 5.0
457 92.0 72.0
458 35.0 36.0
459 69.0 62.0
460 37.0 8.0
461 88.0 79.0
462 62.0 24.0
463 15.0 93.0
464 32.0 26.0
465 77.0 80.0
466 28.0 2.0
467 16.0 80.0
468 69.0 41.0
469 50.0 80.0
470 21.0 14.0
471 92.0 7.0
472 60.0 32.0
473 77.0 23.0
474 42.0 48.0
475 39.0 12.0
476 68.0 91.0
477 69.0 10.0
478 89.0 61.0
479 56.0 55.0
480 86.0 78.0
481 2.0 89.0
482 18.0 17.0
483 25.0 75.0
484 73.0 7.0
485 74.0 85.0
486 36.0 89.0
487 17.0 69.0
488 66.0 59.0
489 54.0 63.0
490 87.0 100.0
491 17.0 39.0
492 90.0 62.0
493 73.0 27.0
494 21.0 71.0
495 97.0 73.0
496 12.0 82.0
497 34.0 89.0
498 55.0 30.0
499 74.0 76.0
500 18.0 16.0
501 57.0 84.0
502 70.0 91.0
503 24.0 57.0
504 27.0 82.0
505 94.0 99.0
506 15.0 86.0
507 55.0 34.0
508 47.0 44.0
509 60.0 40.0
510 89.0 47.0
511 52.0 19.0
512 48.0 22.0
513 80.0 69.0
514 35.0 40.0
515 44.0 97.0
516 7.0 73.0
517 46.0 72.0
518 77.0 15.0
519 64.0 6.0
520 50.0 37.0
521 21.0 46.0
522 62.0 14.0
523 90.0 80.0
524 95.0 94.0
525 58.0 9.0
526 97.0 54.0
527 3.0 22.0
528 64.0 68.0
529 2.0 88.0
530 8.0 85.0
531 92.0 7.0
532 37.0 78.0
533 90.0 22.0
534 34.0 76.0
535 86.0 39.0
536 48.0 28.0
537 89.0 85.0
538 55.0 93.0
539 4.0 16.0
540 47.0 65.0
541 19.0 28.0
542 9.0 55.0
543 46.0 65.0
544 86.0 70.0
545 44.0 90.0
546 39.0 2.0
547 75.0 59.0
548 7.0 57.0
549 60.0 23.0
550 92.0 99.0
551 51.0 27.0
552 26.0 80.0
553 78.0 31.0
554 48.0 59.0
555 16.0 23.0
556 47.0 88.0
557 92.0 25.0
558 57.0 62.0
559 60.0 4.0
560 51.0 72.0
561 100.0 36.0
562 6.0 9.0
563 1.0 42.0
564 52.0 99.0
565 88.0 49.0
566 48.0 26.0
567 55.0 73.0
568 96.0 16.0
569 12.0 33.0
570 72.0 12.0
571 93.0 40.0
572 62.0 81.0
573 32.0 92.0
574 81.0 9.0
575 2.0 12.0
576 84.0 53.0
577 91.0 67.0
578 16.0 9.0
579 6.0 57.0
580 2.0 34.0
581 34.0 50.0
582 50.0 56.0
583 95.0 14.0
584 20.0 60.0
585 14.0 95.0
586 20.0 92.0
587 88.0 4.0
588 6.0 85.0
589 27.0 42.0
590 87.0 52.0
591 26.0 51.0
592 97.0 91.0
593 80.0 89.0
594 48.0 23.0
595 51.0 14.0
596 67.0 28.0
597 76.0 71.0
598 12.0 9.0
599 43.0 59.0
600 68.0 67.0
601 71.0 27.0
602 47.0 63.0
603 5.0 10.0
604 83.0 20.0
605 51.0 86.0
606 38.0 93.0
607 26.0 67.0
608 20.0 54.0
609 6.0 85.0
610 17.0 43.0
611 52.0 67.0
612 38.0 3.0
613 27.0 90.0
614 70.0 9.0
615 56.0 45.0
616 16.0 73.0
617 38.0 16.0
618 5.0 41.0
619 83.0 3.0
620 61.0 73.0
621 42.0 39.0
622 60.0 32.0
623 5.0 6.0
624 49.0 15.0
625 44.0 45.0
626 74.0 14.0
627 27.0 56.0
628 31.0 85.0
629 78.0 90.0
630 53.0 99.0
631 9.0 17.0
632 52.0 74.0
633 56.0 27.0
634 96.0 29.0
635 11.0 91.0
636 65.0 3.0
637 7.0 47.0
638 84.0 40.0
639 72.0 65.0
640 26.0 93.0
641 87.0 37.0
642 18.0 43.0
643 72.0 90.0
644 37.0 76.0
645 59.0 46.0
646 80.0 77.0
647 49.0 38.0
648 23.0 29.0
649 98.0 22.0
650 51.0 92.0
651 69.0 81.0
652 97.0 77.0
653 51.0 44.0
654 1.0 59.0
655 59.0 58.0
656 43.0 19.0
657 59.0 81.0
658 39.0 26.0
659 63.0 43.0
660 8.0 50.0
661 37.0 45.0
662 88.0 61.0
663 79.0 24.0
664 94.0 86.0
665 47.0 10.0
666 38.0 47.0
667 86.0 49.0
668 86.0 30.0
669 28.0 29.0
670 55.0 26.0
671 66.0 13.0
672 62.0 25.0
673 49.0 69.0
674 87.0 5.0
675 81.0 86.0
676 65.0 73.0
677 25.0 26.0
678 81.0 71.0
679 63.0 94.0
680 40.0 39.0
681 90.0 22.0
682 89.0 83.0
683 31.0 21.0
684 56.0 49.0
685 22.0 75.0
686 51.0 25.0
687 30.0 91.0
688 73.0 58.0
689 71.0 94.0
690 68.0 50.0
691 61.0 34.0
692 33.0 53.0
693 28.0 48.0
694 99.0 46.0
695 59.0 61.0
696 61.0 1.0
697 39.0 6.0
698 57.0 2.0
699 25.0 94.0
700 21.0 79.0
701 51.0 52.0
702 91.0 59.0
703 18.0 29.0
704 71.0 24.0
705 50.0 17.0
706 54.0 65.0
707 69.0 21.0
708 98.0 7.0
709 8.0 84.0
710 20.0 79.0
711 75.0 32.0
712 20.0 11.0
713 80.0 53.0
714 98.0 91.0
715 80.0 70.0
716 8.0 60.0
717 94.0 84.0
718 36.0 51.0
719 50.0 15.0
720 55.0 51.0
721 26.0 45.0
722 31.0 17.0
723 3.0 8.0
724 88.0 64.0
725 74.0 31.0
726 86.0 79.0
727 51.0 47.0
728 9.0 59.0
729 47.0 43.0
730 72.0 13.0
731 59.0 21.0
732 1.0 87.0
733 43.0 32.0
734 94.0 69.0
735 38.0 80.0
736 56.0 80.0
737 99.0 49.0
738 68.0 95.0
739 16.0 3.0
740 87.0 80.0
741 100.0 61.0
742 49.0 60.0
743 65.0 32.0
744 37.0 39.0
745 15.0 20.0
746 76.0 27.0
747 68.0 79.0
748 14.0 91.0
749 88.0 93.0
750 30.0 75.0
751 59.0 16.0
752 90.0 78.0
753 78.0 95.0
754 5.0 87.0
755 69.0 14.0
756 61.0 88.0
757 63.0 81.0
758 44.0 51.0
759 67.0 84.0
760 47.0 29.0
761 29.0 88.0
762 98.0 28.0
763 68.0 48.0
764 83.0 50.0
765 13.0 32.0
766 1.0 99.0
767 49.0 26.0
768 36.0 82.0
769 76.0 6.0
770 73.0 91.0
771 6.0 25.0
772 22.0 69.0
773 13.0 28.0
774 92.0 35.0
775 34.0 77.0
776 52.0 91.0
777 43.0 36.0
778 99.0 22.0
779 11.0 44.0
780 92.0 22.0
781 30.0 37.0
782 20.0 42.0
783 21.0 89.0
784 34.0 64.0
785 11.0 49.0
786 38.0 40.0
787 53.0 0.0
788 11.0 49.0
789 61.0 84.0
790 22.0 10.0
791 50.0 97.0
792 3.0 2.0
793 0.0 84.0
794 15.0 11.0
795 3.0 58.0
796 14.0 5.0
797 28.0 97.0
798 43.0 97.0
799 9.0 59.0
800 16.0 17.0
801 47.0 42.0
802 65.0 64.0
803 44.0 5.0
804 3.0 19.0
805 96.0 20.0
806 15.0 76.0
807 16.0 94.0
808 77.0 2.0
809 24.0 59.0
810 92.0 20.0
811 94.0 45.0
812 84.0 22.0
813 57.0 6.0
814 76.0 99.0
815 38.0 82.0
816 59.0 76.0
817 51.0 94.0
818 15.0 66.0
819 75.0 63.0
820 42.0 85.0
821 29.0 62.0
822 89.0 49.0
823 82.0 72.0
824 91.0 80.0
825 46.0 92.0
826 34.0 34.0
827 92.0 38.0
828 96.0 28.0
829 28.0 94.0
830 16.0 4.0
831 20.0 45.0
832 55.0 55.0
833 78.0 64.0
834 61.0 31.0
835 72.0 27.0
836 99.0 35.0
837 53.0 84.0
838 86.0 96.0
839 99.0 91.0
840 43.0 66.0
841 49.0 40.0
842 90.0 70.0
843 97.0 88.0
844 19.0 44.0
845 42.0 80.0
846 10.0 82.0
847 69.0 39.0
848 23.0 11.0
849 82.0 44.0
850 29.0 56.0
851 0.0 84.0
852 57.0 39.0
853 41.0 21.0
854 3.0 99.0
855 6.0 0.0
856 75.0 69.0
857 42.0 35.0
858 58.0 69.0
859 66.0 24.0
860 50.0 19.0
861 44.0 55.0
862 43.0 47.0
863 49.0 63.0
864 27.0 39.0
865 51.0 73.0
866 67.0 5.0
867 83.0 81.0
868 17.0 69.0
869 55.0 15.0
870 41.0 42.0
871 34.0 100.0
872 63.0 22.0
873 54.0 57.0
874 10.0 15.0
875 2.0 47.0
876 80.0 10.0
877 3.0 79.0
878 48.0 4.0
879 41.0 35.0
880 34.0 84.0
881 65.0 74.0
882 38.0 93.0
883 54.0 73.0
884 33.0 47.0
885 94.0 81.0
886 74.0 20.0
887 38.0 17.0
888 33.0 66.0
889 63.0 33.0
890 54.0 77.0
891 66.0 37.0
892 89.0 95.0
893 13.0 18.0
894 43.0 28.0
895 39.0 46.0
896 87.0 81.0
897 82.0 8.0
898 39.0 87.0
899 37.0 3.0
900 68.0 14.0
901 56.0 98.0
902 54.0 83.0
903 55.0 19.0
904 100.0 49.0
905 37.0 58.0
906 9.0 80.0
907 16.0 1.0
908 69.0 6.0
909 22.0 94.0
910 92.0 55.0
911 68.0 22.0
912 13.0 23.0
913 49.0 67.0
914 38.0 42.0
915 38.0 3.0
916 80.0 30.0
917 29.0 27.0
918 31.0 91.0
919 85.0 41.0
920 29.0 54.0
921 8.0 47.0
922 13.0 97.0
923 66.0 26.0
924 72.0 83.0
925 90.0 65.0
926 92.0 16.0
927 28.0 23.0
928 42.0 47.0
929 34.0 79.0
930 51.0 55.0
931 79.0 18.0
932 31.0 92.0
933 11.0 51.0
934 1.0 4.0
935 96.0 49.0
936 30.0 54.0
937 71.0 4.0
938 53.0 68.0
939 80.0 78.0
940 76.0 68.0
941 60.0 33.0
942 85.0 81.0
943 65.0 65.0
944 64.0 56.0
945 88.0 50.0
946 25.0 42.0
947 43.0 59.0
948 14.0 84.0
949 46.0 43.0
950 84.0 98.0
951 59.0 18.0
952 70.0 89.0
953 6.0 22.0
954 20.0 42.0
955 80.0 7.0
956 82.0 6.0
957 69.0 67.0
958 94.0 37.0
959 62.0 58.0
960 8.0 53.0
961 32.0 17.0
962 62.0 54.0
963 52.0 79.0
964 20.0 47.0
965 92.0 60.0
966 21.0 94.0
967 2.0 40.0
968 12.0 66.0
969 24.0 6.0
970 86.0 48.0
971 89.0 94.0
972 38.0 80.0
973 72.0 62.0
974 81.0 84.0
975 64.0 86.0
976 38.0 7.0
977 60.0 39.0
978 59.0 95.0
979 67.0 73.0
980 15.0 73.0
981 15.0 55.0
982 96.0 28.0
983 92.0 59.0
984 79.0 92.0
985 39.0 21.0
986 16.0 84.0
987 87.0 6.0
988 82.0 75.0
989 96.0 18.0
990 41.0 64.0
991 14.0 92.0
992 85.0 48.0
993 82.0 6.0
994 78.0 90.0
995 13.0 6.0
996 49.0 33.0
997 100.0 24.0
998 88.0 36.0
999 45.0 25.0
0 162 4.0
0 234 2.0
0 779 2.0
1 88 3.0
1 127 3.0
1 225 4.0
1 634 3.0
1 762 4.0
1 828 4.0
1 836 4.0
1 982 4.0
2 15 4.0
2 56 4.0
2 58 3.0
2 98 4.0
2 146 4.0
2 363 3.0
2 428 4.0
2 475 4.0
2 617 1.0
2 887 1.0
3 79 1.0
3 117 1.0
3 194 3.0
3 595 2.0
3 624 4.0
3 665 4.0
3 719 3.0
4 49 3.0
4 76 2.0
4 121 3.0
4 379 4.0
4 479 4.0
4 684 3.0
4 720 3.0
5 145 4.0
5 247 4.0
5 328 4.0
5 330 3.0
5 337 4.0
5 457 4.0
5 495 3.0
5 652 3.0
6 14 2.0
6 261 4.0
6 345 4.0
6 704 2.0
6 707 1.0
6 859 4.0
6 886 4.0
6 911 2.0
7 168 4.0
7 292 1.0
7 364 4.0
7 378 4.0
7 394 4.0
7 505 3.0
7 524 3.0
7 550 3.0
7 892 4.0
7 971 4.0
8 48 4.0
8 112 4.0
8 246 1.0
8 251 3.0
8 355 3.0
8 468 4.0
8 847 3.0
8 891 1.0
9 44 4.0
9 100 2.0
9 265 4.0
9 413 2.0
9 518 3.0
9 570 3.0
9 626 1.0
9 730 3.0
10 43 4.0
10 182 3.0
10 560 2.0
10 567 4.0
10 632 1.0
10 865 1.0
10 883 3.0
10 890 4.0
11 72 3.0
11 107 3.0
11 199 3.0
11 392 1.0
11 533 4.0
11 557 2.0
11 681 4.0
11 780 4.0
12 62 4.0
12 537 1.0
12 664 4.0
12 682 2.0
12 717 4.0
13 109 4.0
13 114 3.0
13 177 4.0
13 580 4.0
14 6 2.0
14 231 4.0
14 261 4.0
14 704 3.0
14 707 3.0
14 886 2.0
14 911 4.0
15 2 4.0
15 58 2.0
15 98 3.0
15 146 2.0
15 186 4.0
15 363 3.0
15 428 1.0
15 475 4.0
15 617 4.0
16 280 4.0
16 458 2.0
16 514 4.0
16 781 3.0
16 826 2.0
17 334 4.0
17 335 3.0
17 391 4.0
17 497 3.0
17 573 2.0
17 613 4.0
17 687 1.0
17 761 3.0
17 918 1.0
17 932 2.0
18 40 3.0
18 99 4.0
18 358 3.0
18 444 3.0
18 545 2.0
18 556 3.0
18 820 4.0
18 825 4.0
19 39 4.0
19 257 2.0
19 447 4.0
19 598 4.0
19 796 4.0
19 995 3.0
20 388 4.0
20 520 4.0
20 996 1.0
21 233 2.0
21 298 2.0
21 322 4.0
21 487 2.0
21 616 2.0
21 868 2.0
21 980 2.0
22 202 1.0
22 300 4.0
22 396 4.0
22 648 1.0
22 669 4.0
22 677 2.0
23 201 4.0
24 105 2.0
24 341 3.0
24 349 3.0
24 582 3.0
24 701 4.0
24 861 4.0
24 930 3.0
25 97 4.0
25 427 3.0
25 499 4.0
25 979 3.0
26 74 4.0
26 245 1.0
26 320 2.0
26 344 0.0
26 409 1.0
26 419 4.0
26 421 4.0
26 445 2.0
26 771 4.0
26 912 3.0
26 953 4.0
27 64 0.0
27 213 2.0
27 230 4.0
27 375 4.0
27 376 4.0
27 459 1.0
27 488 4.0
27 973 3.0
28 305 4.0
28 437 3.0
29 143 3.0
29 619 4.0
29 769 4.0
29 808 2.0
29 955 4.0
29 956 4.0
29 993 4.0
30 94 2.0
30 296 3.0
30 568 2.0
30 583 0.0
30 926 4.0
30 989 4.0
31 247 4.0
31 328 4.0
31 330 4.0
31 338 4.0
31 495 4.0
32 99 2.0
32 131 4.0
32 165 3.0
32 313 4.0
32 411 4.0
32 425 4.0
32 486 2.0
32 497 4.0
32 898 1.0
33 92 3.0
33 332 4.0
33 474 4.0
33 508 4.0
33 625 4.0
33 758 4.0
33 862 3.0
33 928 4.0
34 181 1.0
34 480 4.0
34 726 4.0
34 740 4.0
34 867 1.0
34 896 3.0
34 942 1.0
34 974 4.0
35 217 2.0
35 243 4.0
35 481 2.0
35 529 3.0
35 732 4.0
36 72 3.0
36 215 4.0
36 275 4.0
36 668 4.0
37 153 3.0
37 371 0.0
37 379 3.0
37 479 2.0
37 582 4.0
37 832 1.0
37 873 1.0
37 930 3.0
38 202 4.0
38 264 4.0
38 669 4.0
39 19 4.0
39 116 3.0
39 257 3.0
39 368 4.0
39 623 2.0
39 792 4.0
39 855 4.0
40 18 3.0
40 113 3.0
40 270 4.0
40 429 4.0
40 444 0.0
40 545 1.0
40 556 4.0
40 825 1.0
41 90 4.0
41 260 4.0
41 694 3.0
41 811 3.0
42 157 0.0
42 190 1.0
42 208 4.0
42 264 4.0
42 390 1.0
42 491 4.0
43 10 4.0
43 182 3.0
43 193 3.0
43 469 4.0
43 517 4.0
43 632 4.0
43 865 4.0
44 9 4.0
44 66 3.0
44 100 4.0
44 158 4.0
44 207 2.0
44 265 3.0
44 294 2.0
44 484 2.0
44 570 4.0
44 614 4.0
44 730 4.0
44 769 4.0
45 313 3.0
45 391 3.0
45 606 3.0
45 882 3.0
46 66 4.0
46 231 4.0
46 477 3.0
46 570 3.0
46 614 4.0
46 671 3.0
46 730 3.0
46 755 1.0
46 900 1.0
47 227 3.0
47 248 4.0
47 338 4.0
47 449 4.0
47 492 4.0
47 925 4.0
47 965 4.0
47 983 4.0
48 8 4.0
48 212 4.0
48 246 4.0
48 251 1.0
48 279 4.0
48 355 1.0
48 691 3.0
48 743 3.0
48 889 2.0
48 891 3.0
48 941 4.0
49 4 3.0
49 76 1.0
49 121 4.0
49 236 4.0
49 369 4.0
49 645 4.0
49 962 4.0
50 63 3.0
50 273 2.0
50 656 2.0
50 853 4.0
51 120 1.0
51 448 3.0
51 840 4.0
51 990 4.0
52 119 4.0
52 326 4.0
52 560 4.0
52 567 3.0
52 611 4.0
52 858 3.0
52 883 3.0
52 938 3.0
53 399 4.0
53 424 1.0
53 572 4.0
53 620 4.0
53 657 4.0
53 757 4.0
53 816 2.0
54 167 4.0
54 287 4.0
54 578 2.0
54 712 4.0
54 790 4.0
54 794 4.0
54 830 4.0
55 210 3.0
55 281 3.0
55 293 1.0
55 352 4.0
55 456 2.0
55 546 1.0
55 612 2.0
55 697 3.0
55 803 4.0
55 899 3.0
55 915 2.0
55 976 4.0
56 2 4.0
56 63 4.0
56 188 2.0
56 250 4.0
56 400 2.0
56 440 4.0
56 617 4.0
56 853 3.0
56 887 3.0
56 985 1.0
57 110 1.0
57 232 1.0
57 469 2.0
57 605 4.0
57 837 4.0
57 902 4.0
57 963 4.0
58 2 3.0
58 15 2.0
58 146 4.0
58 249 4.0
58 363 4.0
58 428 4.0
58 442 4.0
58 617 4.0
58 722 4.0
58 887 4.0
58 961 3.0
59 168 4.0
59 292 4.0
59 364 3.0
59 415 4.0
59 490 3.0
59 505 4.0
59 550 2.0
60 69 4.0
60 163 1.0
60 197 2.0
60 527 4.0
60 539 2.0
60 804 1.0
61 223 4.0
61 587 2.0
61 674 4.0
61 987 4.0
62 12 4.0
62 664 0.0
62 717 2.0
62 843 4.0
63 50 3.0
63 56 4.0
63 188 4.0
63 273 4.0
63 400 4.0
63 656 1.0
63 853 1.0
63 985 3.0
64 27 0.0
64 213 2.0
64 230 4.0
64 375 4.0
64 376 4.0
64 459 1.0
64 488 4.0
64 973 3.0
65 148 2.0
65 203 3.0
65 305 4.0
65 309 4.0
65 877 3.0
65 906 4.0
66 44 3.0
66 46 4.0
66 154 4.0
66 158 4.0
66 207 1.0
66 317 4.0
66 477 2.0
66 484 4.0
66 570 2.0
66 614 1.0
66 730 3.0
66 755 4.0
66 908 4.0
67 515 3.0
67 798 4.0
68 214 4.0
68 218 3.0
68 381 3.0
68 565 3.0
68 576 3.0
68 590 3.0
68 667 1.0
68 764 2.0
68 822 4.0
68 945 3.0
68 970 2.0
68 992 2.0
69 60 4.0
69 224 4.0
69 262 3.0
69 539 2.0
69 575 2.0
69 603 4.0
70 161 4.0
70 335 4.0
70 586 4.0
70 613 4.0
70 640 2.0
70 699 2.0
70 783 4.0
70 829 4.0
70 909 3.0
70 966 4.0
71 365 2.0
71 658 2.0
72 11 3.0
72 36 3.0
72 107 4.0
72 392 4.0
72 668 3.0
73 343 4.0
74 26 4.0
74 245 4.0
74 344 4.0
74 410 2.0
74 445 2.0
74 631 3.0
74 893 4.0
74 953 4.0
75 200 4.0
75 442 2.0
75 722 4.0
76 4 2.0
76 49 1.0
76 121 4.0
76 645 4.0
76 684 4.0
76 962 4.0
77 137 3.0
77 324 4.0
77 393 4.0
77 689 2.0
77 770 4.0
78 221 4.0
78 711 4.0
78 725 4.0
79 3 1.0
79 117 2.0
79 194 4.0
79 595 1.0
79 624 2.0
79 665 4.0
79 705 4.0
79 719 2.0
80 311 4.0
80 850 4.0
80 905 4.0
81 198 1.0
81 280 2.0
81 361 2.0
81 374 0.0
81 451 4.0
81 458 4.0
81 514 3.0
81 621 4.0
81 680 2.0
81 744 1.0
81 786 1.0
81 870 4.0
81 914 3.0
82 439 4.0
82 466 1.0
83 353 4.0
83 432 4.0
83 453 3.0
83 498 2.0
83 551 4.0
83 633 1.0
83 670 2.0
84 134 4.0
84 141 4.0
84 356 3.0
84 430 3.0
84 854 4.0
85 348 2.0
85 352 3.0
85 803 4.0
85 878 1.0
86 142 2.0
86 185 1.0
86 239 3.0
86 304 3.0
86 690 3.0
86 763 4.0
87 282 4.0
87 301 4.0
87 467 1.0
87 710 4.0
87 806 3.0
88 1 3.0
88 561 3.0
88 836 2.0
89 106 4.0
89 170 3.0
89 174 2.0
89 179 2.0
89 215 4.0
89 221 2.0
89 362 3.0
89 493 4.0
89 553 2.0
89 711 2.0
89 725 2.0
89 746 3.0
89 916 4.0
90 41 4.0
90 571 4.0
90 958 4.0
91 249 1.0
91 250 1.0
91 440 1.0
91 683 2.0
91 722 4.0
91 961 3.0
92 33 3.0
92 332 4.0
92 431 3.0
92 474 1.0
92 625 2.0
92 758 4.0
92 862 0.0
92 895 4.0
92 928 1.0
93 228 3.0
93 450 4.0
93 471 1.0
93 531 1.0
94 30 2.0
94 228 4.0
94 296 2.0
94 568 4.0
94 583 2.0
94 926 4.0
95 105 3.0
95 138 2.0
95 155 3.0
95 341 3.0
95 349 3.0
95 398 4.0
95 554 1.0
95 582 4.0
95 599 4.0
95 602 4.0
95 742 2.0
95 863 4.0
95 947 4.0
96 166 4.0
96 192 3.0
96 266 3.0
96 319 1.0
96 404 3.0
97 25 4.0
97 499 4.0
97 597 3.0
97 856 4.0
98 2 4.0
98 15 3.0
98 146 1.0
98 363 1.0
98 377 4.0
98 420 4.0
98 428 2.0
98 460 4.0
98 475 1.0
98 617 4.0
99 18 4.0
99 32 2.0
99 313 4.0
99 486 4.0
99 545 4.0
99 606 4.0
99 820 4.0
99 882 4.0
99 898 2.0
100 9 2.0
100 44 4.0
100 252 3.0
100 265 2.0
100 321 4.0
100 413 3.0
100 518 3.0
100 626 4.0
100 876 4.0
101 219 4.0
101 436 3.0
101 513 3.0
101 597 4.0
101 678 1.0
101 715 2.0
101 823 2.0
101 988 4.0
102 189 4.0
102 644 4.0
103 211 3.0
103 509 1.0
103 659 3.0
103 852 4.0
103 977 2.0
104 608 2.0
105 24 2.0
105 95 3.0
105 138 4.0
105 341 2.0
105 349 1.0
105 554 3.0
105 582 3.0
105 742 4.0
105 861 3.0
105 930 4.0
106 89 4.0
106 170 2.0
106 215 3.0
106 275 2.0
106 362 4.0
106 473 3.0
106 663 2.0
106 746 2.0
106 916 4.0
107 11 3.0
107 72 4.0
107 127 4.0
107 225 4.0
107 392 4.0
107 557 4.0
107 668 4.0
108 226 3.0
108 512 2.0
108 536 4.0
108 551 4.0
108 566 2.0
108 594 1.0
108 686 3.0
108 767 2.0
108 999 3.0
109 13 4.0
109 114 3.0
109 175 3.0
109 177 2.0
109 318 4.0
109 580 4.0
110 57 1.0
110 232 1.0
110 469 2.0
110 605 4.0
110 837 4.0
110 963 4.0
111 211 3.0
111 271 2.0
111 507 4.0
111 509 4.0
111 852 2.0
111 977 4.0
112 8 4.0
112 184 3.0
112 216 4.0
112 468 3.0
112 659 3.0
112 847 4.0
113 40 3.0
113 367 2.0
113 429 2.0
113 444 3.0
113 545 4.0
113 556 4.0
113 650 3.0
113 776 4.0
113 817 4.0
113 825 2.0
114 13 3.0
114 109 3.0
114 175 4.0
114 177 1.0
114 318 4.0
114 580 2.0
115 119 3.0
115 147 1.0
115 366 2.0
115 403 1.0
115 528 4.0
115 620 3.0
115 858 3.0
116 39 3.0
116 241 4.0
116 368 1.0
116 623 4.0
116 792 1.0
116 855 3.0
116 934 4.0
117 3 1.0
117 79 2.0
117 194 2.0
117 595 3.0
117 624 4.0
117 665 4.0
117 719 4.0
118 311 4.0
118 398 4.0
118 599 4.0
118 905 4.0
118 947 4.0
118 990 4.0
119 52 4.0
119 115 3.0
119 147 4.0
119 366 4.0
119 403 1.0
119 567 4.0
119 620 2.0
119 816 4.0
119 858 3.0
120 51 1.0
120 253 4.0
120 448 4.0
120 990 4.0
121 4 3.0
121 49 4.0
121 76 4.0
121 379 3.0
121 479 3.0
121 655 4.0
121 832 4.0
121 962 3.0
122 164 4.0
122 300 2.0
122 396 1.0
122 541 1.0
122 648 4.0
122 703 2.0
123 150 4.0
123 268 3.0
123 285 4.0
123 323 2.0
123 370 4.0
123 483 3.0
123 494 4.0
123 685 4.0
123 772 4.0
124 274 4.0
124 283 4.0
124 351 4.0
124 501 4.0
124 572 1.0
124 657 2.0
124 757 2.0
124 789 2.0
125 422 4.0
125 785 4.0
125 788 4.0
125 933 3.0
125 981 4.0
126 336 4.0
126 339 3.0
126 389 4.0
126 397 4.0
126 476 2.0
126 502 4.0
126 952 3.0
126 975 4.0
127 1 3.0
127 107 4.0
127 225 2.0
127 634 3.0
127 774 4.0
127 828 4.0
127 982 4.0
128 159 4.0
128 417 4.0
128 753 4.0
128 950 3.0
129 196 1.0
129 288 1.0
129 327 1.0
129 563 2.0
129 618 3.0
129 967 0.0
130 296 4.0
131 32 4.0
131 165 2.0
131 411 3.0
131 425 1.0
131 735 4.0
131 768 4.0
131 815 2.0
131 820 3.0
131 898 3.0
131 972 4.0
132 235 4.0
132 254 1.0
132 343 4.0
132 418 1.0
132 968 4.0
133 144 4.0
133 237 4.0
133 244 3.0
133 253 4.0
133 311 3.0
133 433 4.0
133 784 0.0
133 888 2.0
134 84 4.0
134 217 4.0
134 238 2.0
134 356 4.0
135 315 4.0
135 698 4.0
135 813 3.0
136 256 4.0
136 280 4.0
136 325 2.0
136 361 3.0
136 426 3.0
136 451 2.0
136 621 4.0
136 680 4.0
136 733 4.0
136 777 2.0
136 857 1.0
136 879 0.0
137 77 3.0
137 393 2.0
137 753 2.0
137 814 3.0
138 95 2.0
138 105 4.0
138 153 4.0
138 155 2.0
138 341 3.0
138 554 1.0
138 582 4.0
138 602 4.0
138 742 0.0
138 863 3.0
139 312 4.0
139 661 3.0
139 666 4.0
139 884 2.0
140 306 4.0
140 535 4.0
140 638 4.0
140 641 4.0
141 84 4.0
141 356 3.0
141 430 2.0
141 922 4.0
142 86 2.0
142 185 1.0
142 375 3.0
142 688 4.0
143 29 3.0
143 265 4.0
143 294 4.0
143 574 4.0
143 769 3.0
143 808 4.0
143 876 4.0
143 897 4.0
143 955 1.0
143 956 3.0
143 993 3.0
144 133 4.0
144 244 2.0
144 433 0.0
144 784 4.0
144 821 1.0
145 5 4.0
145 337 4.0
145 461 4.0
145 523 4.0
145 752 2.0
145 824 3.0
145 885 4.0
146 2 4.0
146 15 2.0
146 58 4.0
146 98 1.0
146 186 4.0
146 363 1.0
146 377 4.0
146 420 4.0
146 428 1.0
146 460 4.0
146 475 2.0
146 617 4.0
147 115 1.0
147 119 4.0
147 366 3.0
147 403 2.0
147 528 3.0
147 620 4.0
147 858 3.0
148 65 2.0
148 877 2.0
148 906 4.0
149 521 1.0
149 831 2.0
149 844 4.0
149 964 1.0
150 123 4.0
150 259 1.0
150 323 2.0
150 370 3.0
150 483 3.0
150 750 2.0
151 408 4.0
151 504 3.0
151 552 4.0
151 628 3.0
151 880 4.0
152 154 4.0
152 291 4.0
152 317 4.0
152 477 4.0
152 519 4.0
152 671 3.0
153 37 3.0
153 138 4.0
153 341 4.0
153 371 3.0
153 489 4.0
153 582 4.0
153 742 4.0
153 832 4.0
153 873 2.0
153 930 4.0
154 66 4.0
154 152 4.0
154 158 4.0
154 207 4.0
154 317 1.0
154 477 3.0
154 519 4.0
154 614 3.0
154 866 2.0
154 908 1.0
154 937 4.0
155 95 3.0
155 138 2.0
155 540 3.0
155 543 4.0
155 554 3.0
155 602 1.0
155 742 2.0
155 863 1.0
156 465 4.0
156 499 4.0
156 651 4.0
156 924 3.0
157 42 0.0
157 190 1.0
157 208 4.0
157 264 4.0
157 390 1.0
157 491 4.0
158 44 4.0
158 66 4.0
158 154 4.0
158 207 3.0
158 294 3.0
158 317 4.0
158 484 1.0
158 614 4.0
158 769 4.0
158 908 3.0
158 937 2.0
159 128 4.0
159 364 4.0
159 415 3.0
159 417 3.0
159 490 4.0
159 838 1.0
159 892 4.0
159 950 1.0
160 208 3.0
160 421 4.0
160 569 4.0
160 703 4.0
160 765 2.0
160 773 2.0
161 70 4.0
161 357 3.0
161 586 2.0
161 783 1.0
161 909 4.0
161 966 4.0
162 0 4.0
162 190 4.0
162 286 4.0
162 390 4.0
162 491 2.0
162 610 4.0
163 60 1.0
163 197 1.0
163 527 3.0
163 539 4.0
163 804 1.0
164 122 4.0
164 320 4.0
164 421 4.0
164 555 1.0
164 745 4.0
164 912 3.0
165 32 3.0
165 131 2.0
165 408 4.0
165 411 1.0
165 425 3.0
165 486 4.0
165 768 3.0
165 815 3.0
165 880 3.0
165 898 3.0
166 96 4.0
166 266 2.0
166 319 4.0
166 533 3.0
166 681 3.0
166 780 4.0
166 810 4.0
166 812 4.0
167 54 4.0
167 263 4.0
167 470 4.0
167 500 4.0
167 578 3.0
167 712 3.0
167 794 2.0
168 7 4.0
168 59 4.0
168 292 4.0
168 505 1.0
168 550 2.0
169 871 1.0
170 89 3.0
170 106 2.0
170 174 4.0
170 179 4.0
170 215 2.0
170 275 3.0
170 362 2.0
170 553 3.0
170 663 4.0
170 746 2.0
170 916 3.0
171 183 3.0
171 503 1.0
171 627 2.0
171 809 2.0
171 850 4.0
172 285 3.0
172 487 3.0
172 494 3.0
172 772 2.0
172 868 3.0
174 89 2.0
174 170 4.0
174 179 4.0
174 221 3.0
174 454 3.0
174 493 2.0
174 553 4.0
174 601 4.0
174 711 3.0
174 725 2.0
174 746 3.0
174 835 3.0
175 109 3.0
175 114 4.0
175 177 3.0
175 318 2.0
175 580 4.0
176 568 4.0
176 649 3.0
176 778 3.0
176 805 2.0
176 989 2.0
177 13 4.0
177 109 2.0
177 114 1.0
177 175 3.0
177 318 4.0
177 580 2.0
178 278 4.0
178 308 1.0
178 434 1.0
178 446 4.0
178 642 4.0
178 782 2.0
178 831 4.0
178 844 4.0
178 946 3.0
178 954 2.0
179 89 2.0
179 170 4.0
179 174 4.0
179 221 2.0
179 297 4.0
179 362 3.0
179 553 1.0
179 711 2.0
179 725 3.0
179 916 4.0
180 225 4.0
180 634 3.0
180 762 1.0
180 828 2.0
180 982 2.0
180 997 4.0
181 34 1.0
181 675 4.0
181 726 4.0
181 740 4.0
181 867 2.0
181 896 4.0
181 942 2.0
181 974 3.0
182 10 3.0
182 43 3.0
182 193 4.0
182 517 2.0
182 560 3.0
182 632 4.0
182 673 4.0
182 865 3.0
183 171 3.0
183 503 3.0
183 591 4.0
183 608 4.0
183 627 4.0
184 112 3.0
184 216 1.0
184 468 3.0
184 763 4.0
185 86 1.0
185 142 1.0
185 239 4.0
185 304 4.0
185 375 4.0
185 690 4.0
186 15 4.0
186 146 4.0
186 428 4.0
186 460 4.0
187 290 3.0
187 501 4.0
187 605 3.0
187 776 4.0
187 837 3.0
187 902 4.0
188 56 2.0
188 63 4.0
188 400 0.0
188 658 4.0
188 853 2.0
188 985 1.0
189 102 4.0
189 242 2.0
189 532 4.0
189 534 3.0
189 644 2.0
189 775 4.0
190 42 1.0
190 157 1.0
190 162 4.0
190 208 3.0
190 390 1.0
190 491 4.0
191 469 4.0
191 632 4.0
191 736 3.0
191 890 1.0
191 963 2.0
192 96 3.0
192 319 3.0
192 404 3.0
193 43 3.0
193 182 4.0
193 517 4.0
194 3 3.0
194 79 4.0
194 117 2.0
194 665 4.0
195 416 3.0
195 496 4.0
195 506 1.0
195 948 1.0
195 986 2.0
196 129 1.0
196 288 1.0
196 327 2.0
196 563 2.0
196 618 2.0
196 967 1.0
197 60 2.0
197 163 1.0
197 527 2.0
197 539 4.0
197 804 1.0
197 953 4.0
198 81 1.0
198 280 3.0
198 361 3.0
198 374 1.0
198 451 4.0
198 514 3.0
198 621 4.0
198 680 2.0
198 744 1.0
198 786 0.0
198 870 4.0
198 914 2.0
199 11 3.0
199 392 1.0
199 533 3.0
199 557 1.0
199 681 3.0
199 780 2.0
199 810 4.0
200 75 4.0
200 470 4.0
200 848 4.0
201 23 4.0
201 284 3.0
201 576 4.0
201 713 2.0
202 22 1.0
202 38 4.0
202 264 4.0
202 300 4.0
202 396 4.0
202 648 1.0
202 669 4.0
202 677 3.0
203 65 3.0
203 305 2.0
203 309 2.0
203 516 3.0
203 877 4.0
204 248 3.0
204 258 3.0
204 277 4.0
204 435 1.0
204 457 4.0
204 544 4.0
204 577 2.0
204 734 4.0
204 842 1.0
204 925 4.0
205 243 4.0
205 481 4.0
205 529 3.0
205 588 4.0
205 609 4.0
205 732 2.0
205 754 4.0
205 793 2.0
205 851 2.0
206 237 2.0
206 244 3.0
206 253 4.0
206 406 4.0
206 607 4.0
206 888 3.0
207 44 2.0
207 66 1.0
207 154 4.0
207 158 3.0
207 294 4.0
207 317 4.0
207 477 3.0
207 484 2.0
207 570 3.0
207 614 2.0
207 730 4.0
207 908 4.0
208 42 4.0
208 157 4.0
208 160 3.0
208 190 3.0
208 390 4.0
208 569 4.0
208 703 4.0
208 765 3.0
209 291 2.0
209 525 2.0
209 559 3.0
209 813 2.0
210 55 3.0
210 281 1.0
210 293 4.0
210 352 4.0
210 377 3.0
210 420 3.0
210 438 4.0
210 456 2.0
210 460 4.0
210 546 4.0
210 612 4.0
210 697 2.0
210 803 3.0
210 915 4.0
210 976 3.0
211 103 3.0
211 111 3.0
211 509 2.0
211 852 1.0
211 977 2.0
212 48 4.0
212 279 1.0
212 353 4.0
212 472 1.0
212 622 1.0
212 691 2.0
212 743 4.0
212 834 1.0
212 889 2.0
212 941 1.0
213 27 2.0
213 64 2.0
213 230 4.0
213 375 4.0
213 459 3.0
213 488 1.0
213 802 4.0
214 68 4.0
214 347 3.0
214 576 2.0
214 590 2.0
214 945 4.0
215 36 4.0
215 89 4.0
215 106 3.0
215 170 2.0
215 275 2.0
215 362 2.0
215 553 4.0
215 663 4.0
215 746 4.0
215 916 2.0
216 112 4.0
216 184 1.0
216 304 4.0
216 369 4.0
216 468 4.0
216 763 3.0
217 35 2.0
217 134 4.0
217 243 4.0
217 481 4.0
217 529 4.0
218 68 3.0
218 284 3.0
218 381 2.0
218 412 4.0
218 576 4.0
218 667 4.0
218 713 4.0
218 764 1.0
218 970 4.0
218 992 4.0
219 101 4.0
219 646 1.0
219 823 4.0
219 939 2.0
219 988 2.0
220 797 3.0
221 78 4.0
221 89 2.0
221 174 3.0
221 179 2.0
221 297 4.0
221 362 4.0
221 553 3.0
221 711 0.0
221 725 1.0
222 683 4.0
222 927 3.0
223 61 4.0
223 382 2.0
223 587 4.0
223 619 4.0
224 69 4.0
224 262 2.0
224 575 2.0
224 603 4.0
224 723 3.0
225 1 4.0
225 107 4.0
225 127 2.0
225 180 4.0
225 557 4.0
225 634 2.0
225 762 4.0
225 828 2.0
225 982 2.0
226 108 3.0
226 388 2.0
226 536 1.0
226 551 3.0
226 566 1.0
226 594 4.0
226 686 4.0
226 760 2.0
226 767 1.0
226 999 4.0
227 47 3.0
227 338 2.0
227 741 4.0
228 93 3.0
228 94 4.0
228 471 2.0
228 531 2.0
230 27 4.0
230 64 4.0
230 213 4.0
230 276 4.0
230 376 4.0
230 459 4.0
230 488 4.0
230 802 1.0
230 943 2.0
231 14 4.0
231 46 4.0
231 261 1.0
231 707 4.0
231 730 4.0
231 755 3.0
231 900 4.0
232 57 1.0
232 110 1.0
232 469 3.0
232 605 3.0
232 837 3.0
232 902 4.0
232 963 4.0
233 21 2.0
233 298 2.0
233 322 2.0
233 487 3.0
233 616 4.0
233 818 4.0
233 868 3.0
233 968 4.0
233 980 3.0
234 0 2.0
234 779 2.0
235 132 4.0
235 418 4.0
235 716 3.0
235 728 3.0
235 799 3.0
235 968 4.0
236 49 4.0
236 239 2.0
236 369 2.0
236 690 3.0
236 763 4.0
237 133 4.0
237 206 2.0
237 244 3.0
237 253 2.0
237 406 4.0
237 784 4.0
237 888 1.0
238 134 2.0
238 356 4.0
238 372 4.0
238 635 3.0
239 86 3.0
239 185 4.0
239 236 2.0
239 304 4.0
239 369 4.0
239 690 1.0
239 763 3.0
240 289 4.0
240 345 4.0
240 462 4.0
240 596 2.0
240 672 4.0
240 859 2.0
240 911 4.0
240 923 0.0
241 116 4.0
241 368 3.0
241 792 3.0
241 934 1.0
242 189 2.0
242 406 4.0
242 532 4.0
242 534 1.0
242 644 3.0
242 750 4.0
242 775 2.0
242 929 4.0
243 35 4.0
243 205 4.0
243 217 4.0
243 481 3.0
243 529 3.0
243 530 4.0
243 588 3.0
243 609 3.0
243 732 4.0
243 754 1.0
244 133 3.0
244 144 2.0
244 206 3.0
244 237 3.0
244 433 2.0
244 784 3.0
244 821 3.0
244 888 3.0
245 26 1.0
245 74 4.0
245 320 1.0
245 344 1.0
245 409 2.0
245 410 4.0
245 421 4.0
245 445 2.0
245 912 2.0
246 8 1.0
246 48 4.0
246 251 3.0
246 355 3.0
246 468 4.0
246 847 3.0
246 891 1.0
247 5 4.0
247 31 4.0
247 328 4.0
247 330 3.0
247 495 2.0
247 652 4.0
248 47 4.0
248 204 3.0
248 338 4.0
248 435 2.0
248 449 4.0
248 577 1.0
248 734 3.0
248 842 4.0
248 925 3.0
249 58 4.0
249 91 1.0
249 250 2.0
249 440 2.0
249 442 4.0
249 683 2.0
249 722 2.0
249 961 2.0
250 56 4.0
250 91 1.0
250 249 2.0
250 440 0.0
250 683 3.0
250 722 4.0
250 961 4.0
251 8 3.0
251 48 1.0
251 246 3.0
251 279 4.0
251 355 1.0
251 691 4.0
251 743 4.0
251 889 3.0
251 891 2.0
252 100 3.0
252 265 4.0
252 321 1.0
252 518 4.0
252 574 3.0
252 876 2.0
252 897 4.0
253 120 4.0
253 133 4.0
253 206 4.0
253 237 2.0
253 406 4.0
253 784 4.0
253 888 2.0
254 132 1.0
254 343 4.0
254 418 1.0
255 272 1.0
255 365 4.0
255 464 2.0
255 669 4.0
255 917 3.0
256 136 4.0
256 280 4.0
256 325 3.0
256 361 4.0
256 458 4.0
256 826 3.0
256 879 4.0
257 19 2.0
257 39 3.0
257 384 4.0
257 562 4.0
257 623 3.0
258 204 3.0
258 267 4.0
258 277 4.0
258 435 4.0
258 457 4.0
258 544 2.0
258 842 2.0
259 150 1.0
259 323 3.0
259 370 4.0
259 483 4.0
259 750 1.0
260 41 4.0
260 340 3.0
260 694 3.0
260 737 2.0
260 811 4.0
260 904 3.0
260 935 1.0
261 6 4.0
261 14 4.0
261 231 1.0
261 395 4.0
261 707 3.0
261 755 4.0
261 900 4.0
261 911 4.0
262 69 3.0
262 224 2.0
262 562 4.0
262 575 1.0
262 603 2.0
262 723 3.0
263 167 4.0
263 452 3.0
263 482 3.0
263 500 3.0
263 745 4.0
263 800 1.0
263 893 3.0
264 38 4.0
264 42 4.0
264 157 4.0
264 202 4.0
264 648 4.0
265 9 4.0
265 44 3.0
265 100 2.0
265 143 4.0
265 252 4.0
265 294 4.0
265 321 4.0
265 574 4.0
265 769 4.0
265 876 3.0
265 955 4.0
266 96 3.0
266 166 2.0
266 319 3.0
266 533 4.0
266 681 4.0
266 810 4.0
266 926 4.0
267 258 4.0
267 346 4.0
267 423 4.0
267 480 4.0
267 544 4.0
267 823 4.0
267 988 3.0
268 123 3.0
268 285 4.0
268 323 4.0
268 494 4.0
268 607 2.0
268 772 3.0
269 367 4.0
269 429 4.0
269 538 4.0
269 564 3.0
269 630 3.0
269 650 4.0
269 791 2.0
269 817 2.0
269 901 4.0
270 40 4.0
270 444 4.0
270 515 3.0
270 545 4.0
270 798 3.0
270 825 4.0
271 111 2.0
271 453 4.0
271 507 1.0
271 852 4.0
271 941 4.0
272 255 1.0
272 365 3.0
272 464 1.0
272 917 4.0
273 50 2.0
273 63 4.0
273 624 4.0
273 656 3.0
274 124 4.0
274 336 2.0
274 351 0.0
274 389 3.0
274 572 4.0
274 757 4.0
274 759 2.0
274 789 4.0
274 975 2.0
275 36 4.0
275 106 2.0
275 170 3.0
275 215 2.0
275 362 4.0
275 473 4.0
275 663 2.0
275 746 4.0
275 916 4.0
276 230 4.0
276 376 1.0
276 459 4.0
276 528 4.0
276 600 1.0
276 802 3.0
276 943 2.0
276 957 2.0
277 204 4.0
277 258 4.0
277 544 3.0
277 724 4.0
277 925 4.0
278 178 4.0
278 434 3.0
278 521 4.0
278 589 3.0
278 721 1.0
278 946 2.0
279 48 4.0
279 212 1.0
279 251 4.0
279 353 4.0
279 355 4.0
279 472 1.0
279 622 1.0
279 691 1.0
279 743 4.0
279 834 2.0
279 889 2.0
279 941 1.0
280 16 4.0
280 81 2.0
280 136 4.0
280 198 3.0
280 256 4.0
280 361 2.0
280 374 2.0
280 451 4.0
280 458 2.0
280 514 4.0
280 680 4.0
280 744 2.0
280 786 3.0
280 826 4.0
280 879 4.0
281 55 3.0
281 210 1.0
281 293 3.0
281 377 2.0
281 420 2.0
281 438 4.0
281 456 1.0
281 460 4.0
281 546 4.0
281 612 4.0
281 697 1.0
281 803 4.0
281 899 4.0
281 915 4.0
281 976 2.0
282 87 4.0
282 301 4.0
282 467 4.0
282 685 4.0
282 700 1.0
282 710 1.0
283 124 4.0
283 290 3.0
283 336 4.0
283 501 4.0
283 756 2.0
283 789 2.0
283 975 4.0
284 201 3.0
284 218 3.0
284 412 4.0
284 576 4.0
284 713 1.0
284 764 4.0
285 123 4.0
285 172 3.0
285 268 4.0
285 487 4.0
285 494 0.0
285 685 4.0
285 772 2.0
285 868 4.0
286 162 4.0
286 569 3.0
286 765 4.0
287 54 4.0
287 470 4.0
287 712 2.0
287 790 0.0
287 848 1.0
287 969 4.0
288 129 1.0
288 196 1.0
288 327 2.0
288 563 3.0
288 618 2.0
288 967 1.0
289 240 4.0
289 331 3.0
289 353 4.0
289 462 2.0
289 549 4.0
289 672 1.0
289 859 4.0
289 872 4.0
289 923 4.0
290 187 3.0
290 283 3.0
290 501 2.0
290 756 4.0
290 789 4.0
290 837 4.0
290 902 4.0
291 152 4.0
291 209 2.0
291 519 4.0
291 525 3.0
291 559 4.0
291 813 4.0
292 7 1.0
292 59 4.0
292 168 4.0
292 364 3.0
292 378 4.0
292 505 4.0
292 524 4.0
292 550 3.0
292 892 3.0
292 971 4.0
293 55 1.0
293 210 4.0
293 281 3.0
293 456 2.0
293 546 1.0
293 612 1.0
293 697 3.0
293 899 2.0
293 915 1.0
293 976 4.0
294 44 2.0
294 143 4.0
294 158 3.0
294 207 4.0
294 265 4.0
294 484 2.0
294 769 1.0
295 297 3.0
296 30 3.0
296 94 2.0
296 130 4.0
296 583 3.0
296 708 4.0
297 179 4.0
297 221 4.0
297 295 3.0
297 711 4.0
298 21 2.0
298 233 2.0
298 322 4.0
298 487 4.0
298 616 2.0
298 806 4.0
298 868 4.0
298 980 1.0
299 302 3.0
299 450 3.0
299 708 2.0
300 22 4.0
300 122 2.0
300 202 4.0
300 396 2.0
300 541 3.0
300 648 4.0
300 677 4.0
300 703 4.0
301 87 4.0
301 282 4.0
301 416 4.0
301 467 3.0
301 700 4.0
301 710 4.0
301 948 4.0
301 986 3.0
302 299 3.0
302 450 1.0
302 708 4.0
303 535 4.0
303 571 3.0
303 827 4.0
304 86 3.0
304 185 4.0
304 216 4.0
304 239 4.0
304 690 2.0
304 763 2.0
305 28 4.0
305 65 4.0
305 203 2.0
305 309 4.0
305 516 4.0
305 877 4.0
306 140 4.0
306 668 3.0
306 916 4.0
308 178 1.0
308 434 2.0
308 446 4.0
308 491 4.0
308 610 4.0
308 642 4.0
308 782 1.0
308 831 4.0
308 844 4.0
308 946 4.0
308 954 1.0
309 65 4.0
309 203 2.0
309 305 4.0
309 516 1.0
310 373 3.0
310 679 2.0
310 978 3.0
311 80 4.0
311 118 4.0
311 133 3.0
311 784 3.0
311 905 4.0
312 139 4.0
312 514 4.0
313 32 4.0
313 45 3.0
313 99 4.0
313 391 2.0
313 486 3.0
313 497 4.0
313 606 1.0
313 882 1.0
314 359 3.0
314 653 2.0
314 841 4.0
315 135 4.0
315 559 4.0
315 698 1.0
315 787 4.0
315 813 4.0
316 342 4.0
316 372 4.0
316 455 4.0
316 585 3.0
316 807 4.0
316 922 2.0
317 66 4.0
317 152 4.0
317 154 1.0
317 158 4.0
317 207 4.0
317 477 2.0
317 519 4.0
317 614 2.0
317 866 3.0
317 908 2.0
318 109 4.0
318 114 4.0
318 175 2.0
318 177 4.0
318 580 4.0
319 96 1.0
319 166 4.0
319 192 3.0
319 266 3.0
319 404 4.0
319 604 4.0
320 26 2.0
320 164 4.0
320 245 1.0
320 344 2.0
320 409 2.0
320 421 2.0
320 445 4.0
320 555 4.0
320 773 4.0
320 912 1.0
321 100 4.0
321 252 1.0
321 265 4.0
321 574 2.0
321 876 1.0
321 897 3.0
321 955 4.0
322 21 4.0
322 233 2.0
322 298 4.0
322 818 4.0
322 968 3.0
323 123 2.0
323 150 2.0
323 259 3.0
323 268 4.0
323 370 4.0
323 483 3.0
323 750 4.0
324 77 4.0
324 373 4.0
324 380 3.0
324 689 4.0
324 738 2.0
325 136 2.0
325 256 3.0
325 361 4.0
325 426 2.0
325 451 4.0
325 733 3.0
325 777 4.0
325 857 3.0
325 879 2.0
326 52 4.0
326 386 4.0
326 489 4.0
326 558 4.0
326 706 3.0
326 858 3.0
326 938 4.0
327 129 1.0
327 196 2.0
327 288 2.0
327 563 2.0
327 618 4.0
327 967 1.0
328 5 4.0
328 31 4.0
328 247 4.0
328 330 1.0
328 435 4.0
328 457 3.0
328 495 3.0
328 734 2.0
329 443 2.0
329 660 4.0
329 875 4.0
329 960 4.0
330 5 3.0
330 31 4.0
330 247 3.0
330 328 1.0
330 457 4.0
330 495 1.0
330 734 4.0
331 289 3.0
331 462 1.0
331 549 2.0
331 672 2.0
331 731 4.0
331 859 4.0
331 872 1.0
332 33 4.0
332 92 4.0
332 474 4.0
332 758 0.0
332 861 4.0
332 862 4.0
332 928 4.0
333 399 3.0
333 651 1.0
333 747 1.0
333 759 4.0
334 17 4.0
334 335 4.0
334 573 3.0
334 640 4.0
334 687 3.0
334 797 4.0
334 829 2.0
334 918 3.0
334 932 2.0
335 17 3.0
335 70 4.0
335 334 4.0
335 573 4.0
335 613 1.0
335 640 3.0
335 687 2.0
335 699 4.0
335 761 3.0
335 829 3.0
335 918 3.0
335 932 3.0
336 126 4.0
336 274 2.0
336 283 4.0
336 351 2.0
336 389 4.0
336 756 4.0
336 759 4.0
336 789 4.0
336 975 0.0
337 5 4.0
337 145 4.0
337 652 3.0
337 824 4.0
337 885 2.0
338 31 4.0
338 47 4.0
338 227 2.0
338 248 4.0
338 734 4.0
339 126 3.0
339 380 4.0
339 476 3.0
339 679 4.0
340 260 3.0
340 401 4.0
340 526 4.0
340 737 4.0
340 935 1.0
341 24 3.0
341 95 3.0
341 105 2.0
341 138 3.0
341 153 4.0
341 349 3.0
341 554 2.0
341 582 1.0
341 742 3.0
341 930 3.0
342 316 4.0
342 455 4.0
343 73 4.0
343 132 4.0
343 254 4.0
343 437 3.0
344 26 0.0
344 74 4.0
344 245 1.0
344 320 2.0
344 409 1.0
344 419 4.0
344 421 4.0
344 445 2.0
344 771 4.0
344 912 3.0
344 953 4.0
345 6 4.0
345 240 4.0
345 385 4.0
345 454 3.0
345 493 3.0
345 596 4.0
345 601 1.0
345 704 2.0
345 835 2.0
345 859 4.0
345 911 4.0
345 923 4.0
346 267 4.0
346 423 0.0
346 461 1.0
346 480 1.0
346 523 4.0
346 726 1.0
346 740 2.0
346 752 3.0
346 824 4.0
346 896 3.0
346 942 4.0
347 214 3.0
347 590 4.0
347 702 4.0
347 910 3.0
348 85 2.0
348 352 3.0
348 438 4.0
348 803 2.0
348 878 2.0
349 24 3.0
349 95 3.0
349 105 1.0
349 341 3.0
349 554 4.0
349 582 4.0
349 599 4.0
349 861 2.0
349 947 4.0
350 899 4.0
351 124 4.0
351 274 0.0
351 336 2.0
351 389 3.0
351 572 4.0
351 757 4.0
351 759 2.0
351 789 4.0
351 975 2.0
352 55 4.0
352 85 3.0
352 210 4.0
352 348 3.0
352 803 2.0
352 878 4.0
353 83 4.0
353 212 4.0
353 279 4.0
353 289 4.0
353 453 4.0
353 472 3.0
353 498 4.0
353 622 3.0
353 633 4.0
353 834 3.0
353 941 4.0
354 540 2.0
354 543 2.0
354 602 4.0
354 673 3.0
354 840 4.0
354 863 4.0
354 913 2.0
355 8 3.0
355 48 1.0
355 246 3.0
355 251 1.0
355 279 4.0
355 691 4.0
355 743 3.0
355 889 3.0
355 891 2.0
356 84 3.0
356 134 4.0
356 141 3.0
356 238 4.0
356 372 4.0
356 430 1.0
356 585 4.0
356 922 3.0
357 161 3.0
357 783 2.0
358 18 3.0
358 425 4.0
358 556 4.0
358 820 2.0
359 314 3.0
359 615 2.0
359 653 3.0
359 727 4.0
360 547 3.0
360 639 4.0
360 688 4.0
360 819 1.0
360 833 4.0
360 973 3.0
361 81 2.0
361 136 3.0
361 198 3.0
361 256 4.0
361 280 2.0
361 325 4.0
361 374 2.0
361 451 2.0
361 458 4.0
361 621 4.0
361 680 2.0
361 744 3.0
361 777 4.0
361 786 3.0
361 857 4.0
361 879 3.0
362 89 3.0
362 106 4.0
362 170 2.0
362 179 3.0
362 215 2.0
362 221 4.0
362 275 4.0
362 553 1.0
362 711 4.0
362 746 4.0
362 916 1.0
363 2 3.0
363 15 3.0
363 58 4.0
363 98 1.0
363 146 1.0
363 428 2.0
363 475 1.0
363 617 3.0
363 887 4.0
364 7 4.0
364 59 3.0
364 159 4.0
364 292 3.0
364 415 4.0
364 490 4.0
364 550 4.0
364 749 4.0
364 838 3.0
364 892 2.0
364 971 3.0
365 71 2.0
365 255 4.0
365 272 3.0
365 464 4.0
365 658 3.0
366 115 2.0
366 119 4.0
366 147 3.0
366 403 3.0
366 528 3.0
366 620 3.0
366 676 3.0
366 881 4.0
366 979 4.0
367 113 2.0
367 269 4.0
367 429 1.0
367 650 3.0
367 776 4.0
367 791 3.0
367 817 2.0
367 825 4.0
368 39 4.0
368 116 1.0
368 241 3.0
368 623 4.0
368 792 0.0
368 855 4.0
368 934 3.0
369 49 4.0
369 216 4.0
369 236 2.0
369 239 4.0
369 690 4.0
369 763 3.0
370 123 4.0
370 150 3.0
370 259 4.0
370 323 4.0
370 483 1.0
370 552 4.0
370 685 3.0
371 37 0.0
371 153 3.0
371 379 3.0
371 479 2.0
371 582 4.0
371 832 1.0
371 873 1.0
371 930 3.0
372 238 4.0
372 316 4.0
372 356 4.0
372 430 4.0
372 463 3.0
372 585 1.0
372 635 4.0
372 748 4.0
372 807 3.0
372 922 2.0
372 991 3.0
373 310 3.0
373 324 4.0
373 380 3.0
373 679 4.0
373 738 4.0
374 81 0.0
374 198 1.0
374 280 2.0
374 361 2.0
374 451 4.0
374 458 4.0
374 514 3.0
374 621 4.0
374 680 2.0
374 744 1.0
374 786 1.0
374 870 4.0
374 914 3.0
375 27 4.0
375 64 4.0
375 142 3.0
375 185 4.0
375 213 4.0
375 488 4.0
375 688 3.0
376 27 4.0
376 64 4.0
376 230 4.0
376 276 1.0
376 459 3.0
376 600 2.0
376 639 4.0
376 802 3.0
376 943 3.0
376 957 2.0
377 98 4.0
377 146 4.0
377 210 3.0
377 281 2.0
377 420 0.0
377 456 3.0
377 460 2.0
377 475 4.0
377 697 2.0
377 976 1.0
378 7 4.0
378 292 4.0
378 394 4.0
378 524 4.0
378 749 4.0
378 892 4.0
378 971 4.0
379 4 4.0
379 37 3.0
379 121 3.0
379 371 3.0
379 479 1.0
379 720 3.0
379 832 1.0
379 873 4.0
380 324 3.0
380 339 4.0
380 373 3.0
380 476 4.0
380 679 4.0
380 689 4.0
380 738 1.0
381 68 3.0
381 218 2.0
381 667 3.0
381 764 2.0
381 849 4.0
381 970 3.0
381 992 2.0
382 223 2.0
382 619 2.0
383 387 4.0
383 591 1.0
383 693 2.0
383 920 4.0
384 257 4.0
384 562 2.0
384 598 4.0
384 603 3.0
385 345 4.0
385 596 3.0
385 601 4.0
385 743 4.0
385 835 4.0
386 326 4.0
386 489 3.0
386 558 0.0
386 655 4.0
386 695 2.0
386 706 4.0
387 383 4.0
387 591 4.0
387 627 4.0
387 692 3.0
387 850 3.0
387 920 1.0
387 936 1.0
388 20 4.0
388 226 2.0
388 536 1.0
388 551 3.0
388 566 3.0
388 686 4.0
388 760 2.0
388 767 3.0
388 996 4.0
389 126 4.0
389 274 3.0
389 336 4.0
389 351 3.0
389 651 4.0
389 759 1.0
389 924 4.0
389 952 4.0
389 975 4.0
390 42 1.0
390 157 1.0
390 162 4.0
390 190 1.0
390 208 4.0
390 491 3.0
391 17 4.0
391 45 3.0
391 313 2.0
391 486 3.0
391 497 3.0
391 573 3.0
391 606 3.0
391 882 3.0
391 918 4.0
391 932 4.0
392 11 1.0
392 72 4.0
392 107 4.0
392 199 1.0
392 533 3.0
392 557 1.0
392 681 3.0
392 780 3.0
393 77 4.0
393 137 2.0
393 629 4.0
393 753 1.0
393 984 3.0
393 994 4.0
394 7 4.0
394 378 4.0
394 524 1.0
394 592 2.0
394 714 3.0
394 839 4.0
395 261 4.0
395 522 4.0
395 671 4.0
395 900 4.0
396 22 4.0
396 122 1.0
396 202 4.0
396 300 2.0
396 541 1.0
396 648 3.0
396 703 2.0
397 126 4.0
397 476 4.0
397 502 2.0
397 643 1.0
397 770 3.0
397 952 1.0
398 95 4.0
398 118 4.0
398 599 1.0
398 947 1.0
398 990 4.0
399 53 4.0
399 333 3.0
399 424 4.0
399 572 4.0
399 651 4.0
399 747 3.0
399 757 3.0
400 56 2.0
400 63 4.0
400 188 0.0
400 658 4.0
400 853 2.0
400 985 1.0
401 340 4.0
401 526 1.0
401 737 4.0
401 935 4.0
402 593 2.0
402 629 4.0
402 675 1.0
402 974 3.0
402 994 4.0
403 115 1.0
403 119 1.0
403 147 2.0
403 366 3.0
403 620 2.0
403 858 3.0
404 96 3.0
404 192 3.0
404 319 4.0
405 592 4.0
405 714 4.0
405 839 4.0
405 843 2.0
406 206 4.0
406 237 4.0
406 242 4.0
406 253 4.0
406 750 4.0
407 436 4.0
407 513 4.0
407 819 4.0
407 833 1.0
407 940 4.0
408 151 4.0
408 165 4.0
408 411 2.0
408 628 4.0
408 768 2.0
408 815 4.0
408 880 1.0
408 929 4.0
409 26 1.0
409 245 2.0
409 320 2.0
409 344 1.0
409 419 3.0
409 421 3.0
409 445 3.0
409 771 4.0
409 773 4.0
409 912 4.0
410 74 2.0
410 245 4.0
410 445 4.0
410 631 3.0
410 745 4.0
410 874 4.0
410 893 2.0
410 912 4.0
411 32 4.0
411 131 3.0
411 165 1.0
411 408 2.0
411 425 4.0
411 735 4.0
411 768 2.0
411 815 3.0
411 880 2.0
411 898 4.0
411 972 4.0
412 218 4.0
412 284 4.0
413 9 2.0
413 100 3.0
413 518 1.0
413 626 2.0
413 730 4.0
413 931 4.0
414 511 2.0
414 705 4.0
414 860 4.0
414 869 4.0
414 903 1.0
415 59 4.0
415 159 3.0
415 364 4.0
415 490 1.0
415 838 4.0
415 950 3.0
416 195 3.0
416 301 4.0
416 506 2.0
416 948 4.0
416 986 2.0
417 128 4.0
417 159 3.0
417 749 4.0
417 838 3.0
417 950 4.0
418 132 1.0
418 235 4.0
418 254 1.0
418 968 4.0
419 26 4.0
419 344 4.0
419 409 3.0
419 421 4.0
419 771 4.0
419 773 4.0
420 98 4.0
420 146 4.0
420 210 3.0
420 281 2.0
420 377 0.0
420 456 3.0
420 460 2.0
420 475 4.0
420 697 2.0
420 976 1.0
421 26 4.0
421 160 4.0
421 164 4.0
421 245 4.0
421 320 2.0
421 344 4.0
421 409 3.0
421 419 4.0
421 555 4.0
421 773 2.0
421 912 3.0
422 125 4.0
422 542 3.0
422 660 4.0
422 785 4.0
422 788 4.0
422 933 2.0
422 960 3.0
422 981 4.0
423 267 4.0
423 346 0.0
423 461 1.0
423 480 1.0
423 523 4.0
423 726 1.0
423 740 2.0
423 752 3.0
423 824 4.0
423 896 3.0
423 942 4.0
424 53 1.0
424 399 4.0
424 572 4.0
424 620 4.0
424 757 4.0
424 816 3.0
424 881 4.0
425 32 4.0
425 131 1.0
425 165 3.0
425 358 4.0
425 411 4.0
425 735 4.0
425 768 4.0
425 815 3.0
425 820 2.0
425 845 4.0
425 898 3.0
425 972 4.0
426 136 3.0
426 325 2.0
426 733 1.0
426 777 4.0
426 857 3.0
426 879 3.0
426 894 4.0
427 25 3.0
427 676 2.0
427 881 2.0
427 979 1.0
428 2 4.0
428 15 1.0
428 58 4.0
428 98 2.0
428 146 1.0
428 186 4.0
428 363 2.0
428 460 4.0
428 475 3.0
428 617 4.0
429 40 4.0
429 113 2.0
429 269 4.0
429 367 1.0
429 444 4.0
429 650 4.0
429 791 4.0
429 817 3.0
429 825 3.0
430 84 3.0
430 141 2.0
430 356 1.0
430 372 4.0
430 922 3.0
431 92 3.0
431 474 4.0
431 508 4.0
431 625 1.0
431 729 4.0
431 801 4.0
431 862 3.0
431 870 3.0
431 895 4.0
431 928 3.0
431 949 3.0
432 83 4.0
432 549 4.0
432 633 3.0
432 670 2.0
432 731 4.0
433 133 4.0
433 144 0.0
433 244 2.0
433 784 4.0
433 821 1.0
434 178 1.0
434 278 3.0
434 308 2.0
434 521 4.0
434 589 4.0
434 721 4.0
434 782 3.0
434 831 4.0
434 844 4.0
434 946 2.0
434 954 3.0
435 204 1.0
435 248 2.0
435 258 4.0
435 328 4.0
435 457 3.0
435 577 2.0
435 734 3.0
435 842 1.0
435 925 4.0
436 101 3.0
436 407 4.0
436 513 0.0
436 597 4.0
436 678 2.0
436 715 1.0
436 823 4.0
436 940 4.0
437 28 3.0
437 343 3.0
438 210 4.0
438 281 4.0
438 348 4.0
438 665 4.0
438 803 3.0
439 82 4.0
439 466 3.0
440 56 4.0
440 91 1.0
440 249 2.0
440 250 0.0
440 683 3.0
440 722 4.0
440 961 4.0
442 58 4.0
442 75 2.0
442 249 4.0
442 722 2.0
442 961 3.0
443 329 2.0
443 875 3.0
444 18 3.0
444 40 0.0
444 113 3.0
444 270 4.0
444 429 4.0
444 545 1.0
444 556 4.0
444 825 1.0
445 26 2.0
445 74 2.0
445 245 2.0
445 320 4.0
445 344 2.0
445 409 3.0
445 410 4.0
445 771 4.0
445 912 4.0
445 953 3.0
446 178 4.0
446 308 4.0
446 491 4.0
446 521 4.0
446 610 1.0
446 642 0.0
446 782 2.0
446 831 3.0
446 844 1.0
446 954 2.0
446 964 4.0
447 19 4.0
447 739 3.0
447 796 2.0
447 830 3.0
447 907 4.0
447 995 3.0
448 51 3.0
448 120 4.0
448 543 4.0
448 840 1.0
448 990 3.0
449 47 4.0
449 248 4.0
449 478 2.0
449 492 1.0
449 577 4.0
449 662 3.0
449 702 4.0
449 724 2.0
449 925 2.0
449 965 4.0
449 983 4.0
450 93 4.0
450 299 3.0
450 302 1.0
450 708 4.0
451 81 4.0
451 136 2.0
451 198 4.0
451 280 4.0
451 325 4.0
451 361 2.0
451 374 4.0
451 621 2.0
451 680 2.0
451 744 4.0
451 777 2.0
451 786 4.0
451 857 2.0
451 879 2.0
452 263 3.0
452 482 1.0
452 500 2.0
452 745 3.0
452 800 1.0
452 893 4.0
453 83 3.0
453 271 4.0
453 353 4.0
453 498 1.0
453 507 3.0
453 633 4.0
454 174 3.0
454 345 3.0
454 493 1.0
454 601 2.0
454 704 3.0
454 746 3.0
454 835 1.0
455 316 4.0
455 342 4.0
455 463 4.0
455 585 4.0
455 586 4.0
455 807 2.0
455 909 4.0
455 966 3.0
456 55 2.0
456 210 2.0
456 281 1.0
456 293 2.0
456 377 3.0
456 420 3.0
456 460 4.0
456 546 3.0
456 612 2.0
456 697 1.0
456 899 3.0
456 915 2.0
456 976 2.0
457 5 4.0
457 204 4.0
457 258 4.0
457 328 3.0
457 330 4.0
457 435 3.0
457 734 4.0
457 842 3.0
458 16 2.0
458 81 4.0
458 256 4.0
458 280 2.0
458 361 4.0
458 374 4.0
458 514 4.0
458 744 4.0
458 826 2.0
459 27 1.0
459 64 1.0
459 213 3.0
459 230 4.0
459 276 4.0
459 376 3.0
459 488 4.0
459 639 4.0
459 802 4.0
459 973 3.0
460 98 4.0
460 146 4.0
460 186 4.0
460 210 4.0
460 281 4.0
460 377 2.0
460 420 2.0
460 428 4.0
460 456 4.0
460 475 4.0
460 697 3.0
460 976 1.0
461 145 4.0
461 346 1.0
461 423 1.0
461 480 2.0
461 523 2.0
461 682 4.0
461 726 2.0
461 740 1.0
461 752 2.0
461 824 3.0
461 896 2.0
461 942 4.0
462 240 4.0
462 289 2.0
462 331 1.0
462 549 2.0
462 672 1.0
462 731 4.0
462 859 4.0
462 872 2.0
462 923 4.0
463 372 3.0
463 455 4.0
463 585 2.0
463 635 4.0
463 748 2.0
463 807 1.0
463 922 4.0
463 991 1.0
464 255 2.0
464 272 1.0
464 365 4.0
464 917 3.0
465 156 4.0
465 646 4.0
465 939 4.0
466 82 1.0
466 439 3.0
467 87 1.0
467 282 4.0
467 301 3.0
467 496 4.0
467 710 4.0
467 806 4.0
467 948 4.0
467 986 4.0
468 8 4.0
468 112 3.0
468 184 3.0
468 216 4.0
468 246 4.0
468 847 2.0
469 43 4.0
469 57 2.0
469 110 2.0
469 191 4.0
469 232 3.0
469 963 2.0
470 167 4.0
470 200 4.0
470 287 4.0
470 482 4.0
470 500 4.0
470 712 3.0
470 790 4.0
470 848 4.0
471 93 1.0
471 228 2.0
471 531 0.0
472 212 1.0
472 279 1.0
472 353 3.0
472 622 0.0
472 691 2.0
472 834 1.0
472 889 3.0
472 941 1.0
473 106 3.0
473 275 4.0
473 663 2.0
473 746 4.0
473 886 4.0
474 33 4.0
474 92 1.0
474 332 4.0
474 431 4.0
474 625 4.0
474 666 4.0
474 758 4.0
474 862 1.0
474 895 4.0
474 928 1.0
475 2 4.0
475 15 4.0
475 98 1.0
475 146 2.0
475 363 1.0
475 377 4.0
475 420 4.0
475 428 3.0
475 460 4.0
475 617 4.0
476 126 2.0
476 339 3.0
476 380 4.0
476 397 4.0
476 502 2.0
476 643 4.0
476 689 4.0
476 738 4.0
476 952 3.0
477 46 3.0
477 66 2.0
477 152 4.0
477 154 3.0
477 207 3.0
477 317 2.0
477 570 4.0
477 614 1.0
477 671 4.0
477 730 4.0
477 755 4.0
477 900 4.0
477 908 4.0
478 449 2.0
478 492 1.0
478 662 1.0
478 702 3.0
478 724 3.0
478 925 4.0
478 965 3.0
478 983 4.0
479 4 4.0
479 37 2.0
479 121 3.0
479 371 2.0
479 379 1.0
479 655 4.0
479 720 4.0
479 832 1.0
479 873 3.0
480 34 4.0
480 267 4.0
480 346 1.0
480 423 1.0
480 461 2.0
480 523 4.0
480 726 1.0
480 740 2.0
480 752 4.0
480 867 4.0
480 896 3.0
480 942 3.0
481 35 2.0
481 205 4.0
481 217 4.0
481 243 3.0
481 529 1.0
481 732 2.0
481 754 4.0
482 263 3.0
482 452 1.0
482 470 4.0
482 500 1.0
482 745 4.0
482 800 2.0
483 123 3.0
483 150 3.0
483 259 4.0
483 323 3.0
483 370 1.0
483 685 3.0
484 44 2.0
484 66 4.0
484 158 1.0
484 207 2.0
484 294 2.0
484 614 4.0
484 769 3.0
484 908 4.0
484 937 4.0
485 924 3.0
486 32 2.0
486 99 4.0
486 165 4.0
486 313 3.0
486 391 3.0
486 497 2.0
486 606 4.0
486 882 4.0
486 898 4.0
487 21 2.0
487 172 3.0
487 233 3.0
487 285 4.0
487 298 4.0
487 494 4.0
487 616 4.0
487 818 4.0
487 868 0.0
487 980 4.0
488 27 4.0
488 64 4.0
488 213 1.0
488 230 4.0
488 375 4.0
488 459 4.0
488 944 4.0
488 959 4.0
489 153 4.0
489 326 4.0
489 386 3.0
489 558 3.0
489 611 4.0
489 706 2.0
490 59 3.0
490 159 4.0
490 364 4.0
490 415 1.0
490 838 4.0
490 950 4.0
491 42 4.0
491 157 4.0
491 162 2.0
491 190 4.0
491 308 4.0
491 390 3.0
491 446 4.0
491 610 4.0
491 642 4.0
491 782 4.0
491 954 4.0
492 47 4.0
492 449 1.0
492 478 1.0
492 662 2.0
492 702 3.0
492 724 3.0
492 925 3.0
492 965 3.0
492 983 4.0
493 89 4.0
493 174 2.0
493 345 3.0
493 454 1.0
493 601 2.0
493 704 4.0
493 725 4.0
493 746 3.0
493 835 1.0
494 123 4.0
494 172 3.0
494 268 4.0
494 285 0.0
494 487 4.0
494 685 4.0
494 772 2.0
494 868 4.0
495 5 3.0
495 31 4.0
495 247 2.0
495 328 3.0
495 330 1.0
495 652 4.0
496 195 4.0
496 467 4.0
496 709 4.0
496 846 2.0
496 906 4.0
496 948 3.0
496 986 4.0
497 17 3.0
497 32 4.0
497 313 4.0
497 391 3.0
497 486 2.0
497 573 4.0
497 687 4.0
497 918 4.0
497 932 4.0
498 83 2.0
498 353 4.0
498 453 1.0
498 507 4.0
498 633 3.0
498 670 4.0
499 25 4.0
499 97 4.0
499 156 4.0
500 167 4.0
500 263 3.0
500 452 2.0
500 470 4.0
500 482 1.0
500 800 2.0
501 124 4.0
501 187 4.0
501 283 4.0
501 290 2.0
501 657 4.0
501 736 4.0
501 789 4.0
501 837 4.0
501 902 3.0
502 126 4.0
502 397 2.0
502 476 2.0
502 643 2.0
502 689 3.0
502 738 4.0
502 770 3.0
502 952 2.0
503 171 1.0
503 183 3.0
503 627 3.0
503 809 2.0
504 151 3.0
504 552 2.0
505 7 3.0
505 59 4.0
505 168 1.0
505 292 4.0
505 550 2.0
506 195 1.0
506 416 2.0
506 948 2.0
506 986 2.0
507 111 4.0
507 271 1.0
507 453 3.0
507 498 4.0
508 33 4.0
508 431 4.0
508 625 3.0
508 653 4.0
508 729 1.0
508 801 2.0
508 841 4.0
508 949 1.0
509 103 1.0
509 111 4.0
509 211 2.0
509 659 4.0
509 852 3.0
509 977 1.0
510 565 2.0
510 667 4.0
510 822 2.0
510 945 3.0
510 970 3.0
510 992 4.0
511 414 2.0
511 705 3.0
511 719 4.0
511 860 2.0
511 903 3.0
512 108 2.0
512 566 4.0
512 594 1.0
512 686 4.0
512 767 4.0
512 860 4.0
512 999 4.0
513 101 3.0
513 407 4.0
513 436 0.0
513 597 4.0
513 678 2.0
513 715 1.0
513 823 4.0
513 940 4.0
514 16 4.0
514 81 3.0
514 198 3.0
514 280 4.0
514 312 4.0
514 374 3.0
514 458 4.0
514 744 2.0
514 786 3.0
514 914 4.0
515 67 3.0
515 270 3.0
515 798 1.0
516 203 3.0
516 305 4.0
516 309 1.0
517 43 4.0
517 182 2.0
517 193 4.0
517 673 4.0
518 9 3.0
518 100 3.0
518 252 4.0
518 413 1.0
518 626 3.0
518 931 4.0
519 152 4.0
519 154 4.0
519 291 4.0
519 317 4.0
519 559 4.0
519 636 3.0
519 866 3.0
520 20 4.0
520 647 1.0
520 841 3.0
520 996 4.0
521 149 1.0
521 278 4.0
521 434 4.0
521 446 4.0
521 642 4.0
521 782 4.0
521 831 1.0
521 844 3.0
521 954 4.0
521 964 1.0
522 395 4.0
522 671 4.0
522 751 4.0
523 145 4.0
523 346 4.0
523 423 4.0
523 461 2.0
523 480 4.0
523 682 3.0
523 726 4.0
523 740 3.0
523 752 2.0
523 824 1.0
523 885 4.0
523 896 3.0
524 7 3.0
524 292 4.0
524 378 4.0
524 394 1.0
524 592 4.0
524 714 4.0
525 209 2.0
525 291 3.0
525 813 3.0
526 340 4.0
526 401 1.0
527 60 4.0
527 163 3.0
527 197 2.0
527 771 4.0
527 804 3.0
527 953 3.0
528 115 4.0
528 147 3.0
528 276 4.0
528 366 3.0
528 600 4.0
528 802 4.0
528 943 3.0
529 35 3.0
529 205 3.0
529 217 4.0
529 243 3.0
529 481 1.0
529 732 1.0
529 754 3.0
529 793 4.0
529 851 4.0
530 243 4.0
530 588 2.0
530 609 2.0
530 709 1.0
530 754 4.0
530 846 4.0
531 93 1.0
531 228 2.0
531 471 0.0
532 189 4.0
532 242 4.0
532 534 4.0
532 644 2.0
532 735 2.0
532 768 4.0
532 775 3.0
532 815 4.0
532 929 3.0
532 972 2.0
533 11 4.0
533 166 3.0
533 199 3.0
533 266 4.0
533 392 3.0
533 557 4.0
533 681 0.0
533 780 2.0
533 810 3.0
534 189 3.0
534 242 1.0
534 532 4.0
534 644 3.0
534 750 4.0
534 775 1.0
534 929 3.0
535 140 4.0
535 303 4.0
535 638 2.0
535 641 2.0
535 919 2.0
535 998 4.0
536 108 4.0
536 226 1.0
536 388 1.0
536 551 3.0
536 566 2.0
536 686 4.0
536 760 1.0
536 767 2.0
536 999 4.0
537 12 1.0
537 682 2.0
537 896 4.0
538 269 4.0
538 650 4.0
538 776 4.0
538 817 4.0
538 978 4.0
539 60 2.0
539 69 2.0
539 163 4.0
539 197 4.0
539 575 4.0
539 804 3.0
540 155 3.0
540 354 2.0
540 543 1.0
540 602 2.0
540 673 4.0
540 840 4.0
540 863 3.0
540 913 3.0
541 122 1.0
541 300 3.0
541 396 1.0
541 648 4.0
541 703 1.0
542 422 3.0
542 548 3.0
542 579 4.0
542 728 4.0
542 799 4.0
542 933 4.0
542 960 2.0
543 155 4.0
543 354 2.0
543 448 4.0
543 540 1.0
543 602 2.0
543 840 3.0
543 863 4.0
543 913 4.0
544 204 4.0
544 258 2.0
544 267 4.0
544 277 3.0
544 823 4.0
544 842 4.0
545 18 2.0
545 40 1.0
545 99 4.0
545 113 4.0
545 270 4.0
545 444 1.0
545 556 4.0
545 825 3.0
546 55 1.0
546 210 4.0
546 281 4.0
546 293 1.0
546 456 3.0
546 612 1.0
546 697 4.0
546 899 2.0
546 915 1.0
547 360 3.0
547 688 2.0
547 819 4.0
547 973 4.0
548 542 3.0
548 579 1.0
548 716 3.0
548 728 3.0
548 795 4.0
548 799 3.0
548 960 4.0
549 289 4.0
549 331 2.0
549 432 4.0
549 462 2.0
549 672 3.0
549 731 2.0
549 872 3.0
550 7 3.0
550 59 2.0
550 168 2.0
550 292 3.0
550 364 4.0
550 505 2.0
551 83 4.0
551 108 4.0
551 226 3.0
551 388 3.0
551 536 3.0
551 566 3.0
551 670 4.0
551 686 2.0
551 760 4.0
551 767 2.0
552 151 4.0
552 370 4.0
552 504 2.0
553 89 2.0
553 170 3.0
553 174 4.0
553 179 1.0
553 215 4.0
553 221 3.0
553 362 1.0
553 711 3.0
553 725 4.0
553 746 4.0
553 916 2.0
554 95 1.0
554 105 3.0
554 138 1.0
554 155 3.0
554 341 2.0
554 349 4.0
554 582 4.0
554 602 4.0
554 742 1.0
554 863 4.0
555 164 1.0
555 320 4.0
555 421 4.0
555 745 3.0
555 912 3.0
556 18 3.0
556 40 4.0
556 113 4.0
556 358 4.0
556 444 4.0
556 545 4.0
556 605 4.0
556 825 4.0
557 11 2.0
557 107 4.0
557 199 1.0
557 225 4.0
557 392 1.0
557 533 4.0
557 681 4.0
557 780 3.0
558 326 4.0
558 386 0.0
558 489 3.0
558 655 4.0
558 695 2.0
558 706 4.0
559 209 3.0
559 291 4.0
559 315 4.0
559 519 4.0
559 696 3.0
559 698 4.0
559 813 4.0
560 10 2.0
560 52 4.0
560 182 3.0
560 567 4.0
560 632 2.0
560 673 4.0
560 865 1.0
560 883 3.0
560 938 4.0
561 88 3.0
561 836 1.0
562 257 4.0
562 262 4.0
562 384 2.0
562 603 1.0
562 623 3.0
562 723 3.0
563 129 2.0
563 196 2.0
563 288 3.0
563 327 2.0
563 618 4.0
563 967 2.0
564 269 3.0
564 630 1.0
564 791 3.0
564 901 4.0
565 68 3.0
565 510 2.0
565 590 3.0
565 667 2.0
565 822 1.0
565 945 1.0
565 970 2.0
565 992 3.0
566 108 2.0
566 226 1.0
566 388 3.0
566 512 4.0
566 536 2.0
566 551 3.0
566 594 3.0
566 686 3.0
566 760 3.0
566 767 1.0
566 999 3.0
567 10 4.0
567 52 3.0
567 119 4.0
567 560 4.0
567 632 3.0
567 865 4.0
567 883 1.0
567 890 4.0
568 30 2.0
568 94 4.0
568 176 4.0
568 583 2.0
568 805 4.0
568 926 4.0
568 989 2.0
569 160 4.0
569 208 4.0
569 286 3.0
569 765 1.0
570 9 3.0
570 44 4.0
570 46 3.0
570 66 2.0
570 207 3.0
570 477 4.0
570 614 4.0
570 626 3.0
570 730 1.0
570 755 4.0
570 900 4.0
571 90 4.0
571 303 3.0
571 827 2.0
571 958 3.0
572 53 4.0
572 124 1.0
572 274 4.0
572 351 4.0
572 399 4.0
572 424 4.0
572 657 3.0
572 757 1.0
572 789 3.0
573 17 2.0
573 334 3.0
573 335 4.0
573 391 3.0
573 497 4.0
573 687 2.0
573 829 4.0
573 918 1.0
573 932 1.0
574 143 4.0
574 252 3.0
574 265 4.0
574 321 2.0
574 876 1.0
574 897 1.0
574 955 2.0
574 956 3.0
574 993 3.0
575 69 2.0
575 224 2.0
575 262 1.0
575 539 4.0
575 603 4.0
575 723 4.0
576 68 3.0
576 201 4.0
576 214 2.0
576 218 4.0
576 284 4.0
576 590 3.0
576 667 4.0
576 713 4.0
576 764 3.0
577 204 2.0
577 248 1.0
577 435 2.0
577 449 4.0
577 724 4.0
577 734 4.0
577 842 3.0
577 925 2.0
578 54 2.0
578 167 3.0
578 598 4.0
578 712 4.0
578 794 2.0
578 796 4.0
578 995 4.0
579 542 4.0
579 548 1.0
579 716 4.0
579 728 4.0
579 795 3.0
579 799 4.0
579 960 4.0
580 13 4.0
580 109 4.0
580 114 2.0
580 175 4.0
580 177 2.0
580 318 4.0
581 692 3.0
581 718 2.0
581 884 3.0
582 24 3.0
582 37 4.0
582 95 4.0
582 105 3.0
582 138 4.0
582 153 4.0
582 341 1.0
582 349 4.0
582 371 4.0
582 554 4.0
582 701 4.0
582 742 4.0
582 873 4.0
582 930 1.0
583 30 0.0
583 94 2.0
583 296 3.0
583 568 2.0
583 926 4.0
583 989 4.0
584 809 4.0
585 316 3.0
585 356 4.0
585 372 1.0
585 455 4.0
585 463 2.0
585 748 4.0
585 807 2.0
585 922 2.0
585 991 3.0
586 70 4.0
586 161 2.0
586 455 4.0
586 783 3.0
586 807 4.0
586 909 3.0
586 966 2.0
587 61 2.0
587 223 4.0
587 674 1.0
587 987 2.0
588 205 4.0
588 243 3.0
588 530 2.0
588 609 0.0
588 709 2.0
588 754 2.0
589 278 3.0
589 434 4.0
589 721 3.0
589 864 3.0
589 946 2.0
590 68 3.0
590 214 2.0
590 347 4.0
590 565 3.0
590 576 3.0
590 667 3.0
590 764 4.0
590 822 4.0
590 945 2.0
590 970 4.0
590 992 4.0
591 183 4.0
591 383 1.0
591 387 4.0
591 693 4.0
591 920 4.0
592 394 2.0
592 405 4.0
592 524 4.0
592 714 1.0
592 839 2.0
592 843 3.0
593 402 2.0
593 629 2.0
593 675 3.0
593 984 3.0
593 994 2.0
594 108 1.0
594 226 4.0
594 512 1.0
594 566 3.0
594 686 4.0
594 767 3.0
594 860 4.0
594 999 4.0
595 3 2.0
595 79 1.0
595 117 3.0
595 624 2.0
595 705 3.0
595 719 1.0
595 869 4.0
596 240 2.0
596 345 4.0
596 385 3.0
596 601 4.0
596 743 4.0
596 859 4.0
596 923 2.0
597 97 3.0
597 101 4.0
597 436 4.0
597 513 4.0
597 715 4.0
597 856 2.0
597 940 3.0
598 19 4.0
598 384 4.0
598 578 4.0
598 794 4.0
598 796 4.0
598 995 3.0
599 95 4.0
599 118 4.0
599 349 4.0
599 398 1.0
599 861 4.0
599 947 0.0
600 276 1.0
600 376 2.0
600 528 4.0
600 639 4.0
600 802 4.0
600 943 4.0
600 957 1.0
601 174 4.0
601 345 1.0
601 385 4.0
601 454 2.0
601 493 2.0
601 596 4.0
601 704 3.0
601 835 1.0
602 95 4.0
602 138 4.0
602 155 1.0
602 354 4.0
602 540 2.0
602 543 2.0
602 554 4.0
602 742 4.0
602 863 2.0
602 913 4.0
603 69 4.0
603 224 4.0
603 262 2.0
603 384 3.0
603 562 1.0
603 575 4.0
603 623 4.0
603 723 3.0
604 319 4.0
604 812 2.0
604 931 4.0
605 57 4.0
605 110 4.0
605 187 3.0
605 232 3.0
605 556 4.0
605 837 3.0
605 902 4.0
606 45 3.0
606 99 4.0
606 313 1.0
606 391 3.0
606 486 4.0
606 882 0.0
607 206 4.0
607 268 2.0
607 772 4.0
608 104 2.0
608 183 4.0
609 205 4.0
609 243 3.0
609 530 2.0
609 588 0.0
609 709 2.0
609 754 2.0
610 162 4.0
610 308 4.0
610 446 1.0
610 491 4.0
610 642 1.0
610 782 3.0
610 831 4.0
610 844 2.0
610 954 3.0
611 52 4.0
611 489 4.0
611 673 4.0
611 706 3.0
611 913 3.0
611 938 1.0
612 55 2.0
612 210 4.0
612 281 4.0
612 293 1.0
612 456 2.0
612 546 1.0
612 697 3.0
612 899 1.0
612 915 0.0
612 976 4.0
613 17 4.0
613 70 4.0
613 335 1.0
613 640 3.0
613 687 3.0
613 699 4.0
613 761 3.0
613 829 4.0
613 918 4.0
613 932 4.0
614 44 4.0
614 46 4.0
614 66 1.0
614 154 3.0
614 158 4.0
614 207 2.0
614 317 2.0
614 477 1.0
614 484 4.0
614 570 4.0
614 730 4.0
614 908 3.0
615 359 2.0
615 645 3.0
615 684 4.0
616 21 2.0
616 233 4.0
616 298 2.0
616 487 4.0
616 806 3.0
616 868 4.0
616 980 1.0
617 2 1.0
617 15 4.0
617 56 4.0
617 58 4.0
617 98 4.0
617 146 4.0
617 363 3.0
617 428 4.0
617 475 4.0
617 887 1.0
618 129 3.0
618 196 2.0
618 288 2.0
618 327 4.0
618 563 4.0
618 967 3.0
619 29 4.0
619 223 4.0
619 382 2.0
619 674 4.0
619 956 3.0
619 993 3.0
620 53 4.0
620 115 3.0
620 119 2.0
620 147 4.0
620 366 3.0
620 403 2.0
620 424 4.0
620 676 4.0
620 816 4.0
620 881 4.0
621 81 4.0
621 136 4.0
621 198 4.0
621 361 4.0
621 374 4.0
621 451 2.0
621 680 2.0
621 777 3.0
621 786 4.0
621 857 4.0
621 870 3.0
621 879 4.0
622 212 1.0
622 279 1.0
622 353 3.0
622 472 0.0
622 691 2.0
622 834 1.0
622 889 3.0
622 941 1.0
623 39 2.0
623 116 4.0
623 257 3.0
623 368 4.0
623 562 3.0
623 603 4.0
623 723 3.0
623 792 4.0
623 934 4.0
624 3 4.0
624 79 2.0
624 117 4.0
624 273 4.0
624 595 2.0
624 705 2.0
624 719 1.0
624 860 4.0
625 33 4.0
625 92 2.0
625 431 1.0
625 474 4.0
625 508 3.0
625 729 4.0
625 801 4.0
625 862 2.0
625 870 4.0
625 928 3.0
625 949 3.0
626 9 1.0
626 100 4.0
626 413 2.0
626 518 3.0
626 570 3.0
626 730 2.0
627 171 2.0
627 183 4.0
627 387 4.0
627 503 3.0
627 809 4.0
627 850 2.0
627 920 3.0
627 936 4.0
628 151 3.0
628 408 4.0
628 761 4.0
628 880 3.0
629 393 4.0
629 402 4.0
629 593 2.0
629 984 2.0
629 994 0.0
630 269 3.0
630 564 1.0
630 791 4.0
630 901 3.0
631 74 3.0
631 410 3.0
631 874 2.0
631 893 4.0
632 10 1.0
632 43 4.0
632 182 4.0
632 191 4.0
632 560 2.0
632 567 3.0
632 865 1.0
632 883 2.0
632 890 4.0
633 83 1.0
633 353 4.0
633 432 3.0
633 453 4.0
633 498 3.0
633 670 1.0
634 1 3.0
634 127 3.0
634 180 3.0
634 225 2.0
634 762 2.0
634 828 1.0
634 982 1.0
635 238 3.0
635 372 4.0
635 463 4.0
635 748 3.0
635 991 3.0
636 519 3.0
636 696 4.0
636 866 3.0
637 660 3.0
637 785 4.0
637 788 4.0
637 921 1.0
638 140 4.0
638 535 2.0
638 641 4.0
638 849 4.0
638 919 1.0
639 360 4.0
639 376 4.0
639 459 4.0
639 600 4.0
639 819 4.0
639 957 4.0
639 973 3.0
640 70 2.0
640 334 4.0
640 335 3.0
640 613 3.0
640 687 4.0
640 699 1.0
640 797 4.0
640 829 2.0
640 909 4.0
641 140 4.0
641 535 2.0
641 638 4.0
641 919 4.0
641 998 1.0
642 178 4.0
642 308 4.0
642 446 0.0
642 491 4.0
642 521 4.0
642 610 1.0
642 782 2.0
642 831 3.0
642 844 1.0
642 954 2.0
642 964 4.0
643 397 1.0
643 476 4.0
643 502 2.0
643 689 4.0
643 770 1.0
643 952 2.0
644 102 4.0
644 189 2.0
644 242 3.0
644 532 2.0
644 534 3.0
644 735 4.0
644 775 3.0
644 929 4.0
644 972 4.0
645 49 4.0
645 76 4.0
645 615 3.0
645 684 4.0
646 219 1.0
646 465 4.0
646 939 1.0
646 988 3.0
647 520 1.0
647 801 4.0
647 841 2.0
648 22 1.0
648 122 4.0
648 202 1.0
648 264 4.0
648 300 4.0
648 396 3.0
648 541 4.0
648 677 4.0
649 176 3.0
649 778 1.0
649 805 3.0
649 989 4.0
649 997 3.0
650 113 3.0
650 269 4.0
650 367 3.0
650 429 4.0
650 538 4.0
650 776 1.0
650 817 2.0
651 156 4.0
651 333 1.0
651 389 4.0
651 399 4.0
651 747 2.0
651 759 4.0
651 924 4.0
652 5 3.0
652 247 4.0
652 337 3.0
652 495 4.0
653 314 2.0
653 359 3.0
653 508 4.0
653 727 3.0
653 729 4.0
653 801 4.0
653 841 4.0
654 795 2.0
655 121 4.0
655 386 4.0
655 479 4.0
655 558 4.0
655 695 3.0
655 959 3.0
656 50 2.0
656 63 1.0
656 273 3.0
656 853 3.0
656 985 4.0
657 53 4.0
657 124 2.0
657 501 4.0
657 572 3.0
657 736 3.0
657 757 4.0
657 789 4.0
658 71 2.0
658 188 4.0
658 365 3.0
658 400 4.0
658 894 4.0
659 103 3.0
659 112 3.0
659 509 4.0
660 329 4.0
660 422 4.0
660 637 3.0
660 785 3.0
660 788 3.0
660 921 3.0
660 933 3.0
660 960 3.0
661 139 3.0
661 666 2.0
661 884 4.0
661 895 2.0
661 914 3.0
662 449 3.0
662 478 1.0
662 492 2.0
662 702 4.0
662 724 3.0
662 925 4.0
662 965 4.0
662 983 4.0
663 106 2.0
663 170 4.0
663 215 4.0
663 275 2.0
663 473 2.0
663 746 4.0
664 12 4.0
664 62 0.0
664 717 2.0
664 843 4.0
665 3 4.0
665 79 4.0
665 117 4.0
665 194 4.0
665 438 4.0
666 139 4.0
666 474 4.0
666 661 2.0
666 718 4.0
666 895 1.0
666 928 4.0
667 68 1.0
667 218 4.0
667 381 3.0
667 510 4.0
667 565 2.0
667 576 4.0
667 590 3.0
667 764 3.0
667 822 3.0
667 945 2.0
667 970 1.0
667 992 1.0
668 36 4.0
668 72 3.0
668 107 4.0
668 306 3.0
669 22 4.0
669 38 4.0
669 202 4.0
669 255 4.0
669 677 4.0
669 917 2.0
670 83 2.0
670 432 2.0
670 498 4.0
670 551 4.0
670 633 1.0
670 686 4.0
671 46 3.0
671 152 3.0
671 395 4.0
671 477 4.0
671 522 4.0
671 755 3.0
671 900 2.0
672 240 4.0
672 289 1.0
672 331 2.0
672 462 1.0
672 549 3.0
672 859 4.0
672 872 3.0
672 923 4.0
673 182 4.0
673 354 3.0
673 517 4.0
673 540 4.0
673 560 4.0
673 611 4.0
673 865 4.0
673 913 2.0
673 938 4.0
674 61 4.0
674 587 1.0
674 619 4.0
674 987 1.0
675 181 4.0
675 402 1.0
675 593 3.0
675 974 2.0
676 366 3.0
676 427 2.0
676 620 4.0
676 881 1.0
676 979 2.0
677 22 2.0
677 202 3.0
677 300 4.0
677 648 4.0
677 669 4.0
677 917 4.0
677 927 4.0
678 101 1.0
678 436 2.0
678 513 2.0
678 715 1.0
678 823 1.0
678 988 4.0
679 310 2.0
679 339 4.0
679 373 4.0
679 380 4.0
679 978 4.0
680 81 2.0
680 136 4.0
680 198 2.0
680 280 4.0
680 361 2.0
680 374 2.0
680 451 2.0
680 621 2.0
680 744 3.0
680 777 4.0
680 786 2.0
680 857 4.0
680 870 3.0
680 879 4.0
680 914 4.0
681 11 4.0
681 166 3.0
681 199 3.0
681 266 4.0
681 392 3.0
681 533 0.0
681 557 4.0
681 780 2.0
681 810 3.0
682 12 2.0
682 461 4.0
682 523 3.0
682 537 2.0
682 740 4.0
682 824 4.0
682 896 3.0
682 942 4.0
683 91 2.0
683 222 4.0
683 249 2.0
683 250 3.0
683 440 3.0
683 722 4.0
683 927 4.0
683 961 4.0
684 4 3.0
684 76 4.0
684 615 4.0
684 645 4.0
684 720 2.0
685 123 4.0
685 282 4.0
685 285 4.0
685 370 3.0
685 483 3.0
685 494 4.0
685 700 4.0
685 710 4.0
686 108 3.0
686 226 4.0
686 388 4.0
686 512 4.0
686 536 4.0
686 551 2.0
686 566 3.0
686 594 4.0
686 670 4.0
686 767 2.0
687 17 1.0
687 334 3.0
687 335 2.0
687 497 4.0
687 573 2.0
687 613 3.0
687 640 4.0
687 761 3.0
687 829 4.0
687 918 1.0
687 932 1.0
688 142 4.0
688 360 4.0
688 375 3.0
688 547 2.0
688 973 4.0
689 77 2.0
689 324 4.0
689 380 4.0
689 476 4.0
689 502 3.0
689 643 4.0
689 738 3.0
689 770 4.0
690 86 3.0
690 185 4.0
690 236 3.0
690 239 1.0
690 304 2.0
690 369 4.0
690 763 2.0
691 48 3.0
691 212 2.0
691 251 4.0
691 279 1.0
691 355 4.0
691 472 2.0
691 622 2.0
691 743 4.0
691 834 3.0
691 889 2.0
691 941 1.0
692 387 3.0
692 581 3.0
692 718 4.0
692 920 4.0
692 936 3.0
693 383 2.0
693 591 4.0
693 721 4.0
694 41 3.0
694 260 3.0
694 737 3.0
694 904 3.0
694 935 4.0
695 386 2.0
695 558 2.0
695 655 3.0
695 959 4.0
696 559 3.0
696 636 4.0
696 698 4.0
697 55 3.0
697 210 2.0
697 281 1.0
697 293 3.0
697 377 2.0
697 420 2.0
697 456 1.0
697 460 3.0
697 546 4.0
697 612 3.0
697 899 4.0
697 915 3.0
697 976 1.0
698 135 4.0
698 315 1.0
698 559 4.0
698 696 4.0
698 787 4.0
698 813 4.0
699 70 2.0
699 335 4.0
699 613 4.0
699 640 1.0
699 797 4.0
699 829 3.0
699 909 3.0
699 966 4.0
700 282 1.0
700 301 4.0
700 685 4.0
700 710 1.0
701 24 4.0
701 582 4.0
701 720 4.0
701 930 3.0
702 347 4.0
702 449 4.0
702 478 3.0
702 492 3.0
702 662 4.0
702 910 4.0
702 965 1.0
702 983 1.0
703 122 2.0
703 160 4.0
703 208 4.0
703 300 4.0
703 396 2.0
703 541 1.0
704 6 2.0
704 14 3.0
704 345 2.0
704 454 3.0
704 493 4.0
704 601 3.0
704 707 4.0
704 835 3.0
704 911 4.0
705 79 4.0
705 414 4.0
705 511 3.0
705 595 3.0
705 624 2.0
705 719 2.0
705 860 2.0
706 326 3.0
706 386 4.0
706 489 2.0
706 558 4.0
706 611 3.0
706 938 3.0
707 6 1.0
707 14 3.0
707 231 4.0
707 261 3.0
707 704 4.0
707 859 4.0
707 911 1.0
708 296 4.0
708 299 2.0
708 302 4.0
708 450 4.0
709 496 4.0
709 530 1.0
709 588 2.0
709 609 2.0
709 754 4.0
709 846 3.0
709 906 4.0
710 87 4.0
710 282 1.0
710 301 4.0
710 467 4.0
710 685 4.0
710 700 1.0
711 78 4.0
711 89 2.0
711 174 3.0
711 179 2.0
711 221 0.0
711 297 4.0
711 362 4.0
711 553 3.0
711 725 1.0
712 54 4.0
712 167 3.0
712 287 2.0
712 470 3.0
712 578 4.0
712 790 2.0
712 848 3.0
713 201 2.0
713 218 4.0
713 284 1.0
713 576 4.0
713 764 4.0
714 394 3.0
714 405 4.0
714 524 4.0
714 592 1.0
714 839 1.0
714 843 3.0
715 101 2.0
715 436 1.0
715 513 1.0
715 597 4.0
715 678 1.0
715 823 3.0
715 940 4.0
716 235 3.0
716 548 3.0
716 579 4.0
716 728 1.0
716 799 1.0
717 12 4.0
717 62 2.0
717 664 2.0
717 885 3.0
718 581 2.0
718 666 4.0
718 692 4.0
719 3 3.0
719 79 2.0
719 117 4.0
719 511 4.0
719 595 1.0
719 624 1.0
719 705 2.0
719 860 4.0
720 4 3.0
720 379 3.0
720 479 4.0
720 684 2.0
720 701 4.0
720 832 4.0
721 278 1.0
721 434 4.0
721 589 3.0
721 693 4.0
721 946 3.0
722 58 4.0
722 75 4.0
722 91 4.0
722 249 2.0
722 250 4.0
722 440 4.0
722 442 2.0
722 683 4.0
722 961 1.0
723 224 3.0
723 262 3.0
723 562 3.0
723 575 4.0
723 603 3.0
723 623 3.0
723 934 4.0
724 277 4.0
724 449 2.0
724 478 3.0
724 492 3.0
724 577 4.0
724 662 3.0
724 925 2.0
725 78 4.0
725 89 2.0
725 174 2.0
725 179 3.0
725 221 1.0
725 493 4.0
725 553 4.0
725 711 1.0
725 746 4.0
725 835 4.0
726 34 4.0
726 181 4.0
726 346 1.0
726 423 1.0
726 461 2.0
726 480 1.0
726 523 4.0
726 740 1.0
726 752 4.0
726 867 4.0
726 896 2.0
726 942 2.0
727 359 4.0
727 653 3.0
728 235 3.0
728 542 4.0
728 548 3.0
728 579 4.0
728 716 1.0
728 799 0.0
729 431 4.0
729 508 1.0
729 625 4.0
729 653 4.0
729 801 1.0
729 841 4.0
729 949 1.0
730 9 3.0
730 44 4.0
730 46 3.0
730 66 3.0
730 207 4.0
730 231 4.0
730 413 4.0
730 477 4.0
730 570 1.0
730 614 4.0
730 626 2.0
730 755 3.0
730 900 4.0
731 331 4.0
731 432 4.0
731 462 4.0
731 549 2.0
731 872 4.0
731 903 4.0
731 951 3.0
732 35 4.0
732 205 2.0
732 243 4.0
732 481 2.0
732 529 1.0
732 754 4.0
732 793 3.0
732 851 3.0
733 136 4.0
733 325 3.0
733 426 1.0
733 777 4.0
733 857 3.0
733 879 4.0
733 894 4.0
734 204 4.0
734 248 3.0
734 328 2.0
734 330 4.0
734 338 4.0
734 435 3.0
734 457 4.0
734 577 4.0
734 842 4.0
735 131 4.0
735 411 4.0
735 425 4.0
735 532 2.0
735 644 4.0
735 768 3.0
735 815 2.0
735 845 4.0
735 929 4.0
735 972 0.0
736 191 3.0
736 501 4.0
736 657 3.0
736 890 4.0
736 902 4.0
736 963 4.0
737 260 2.0
737 340 4.0
737 401 4.0
737 694 3.0
737 904 1.0
737 935 3.0
738 324 2.0
738 373 4.0
738 380 1.0
738 476 4.0
738 502 4.0
738 689 3.0
739 447 3.0
739 796 3.0
739 830 1.0
739 907 2.0
739 995 4.0
740 34 4.0
740 181 4.0
740 346 2.0
740 423 2.0
740 461 1.0
740 480 2.0
740 523 3.0
740 682 4.0
740 726 1.0
740 752 4.0
740 824 4.0
740 867 4.0
740 896 1.0
740 942 2.0
741 227 4.0
742 95 2.0
742 105 4.0
742 138 0.0
742 153 4.0
742 155 2.0
742 341 3.0
742 554 1.0
742 582 4.0
742 602 4.0
742 863 3.0
743 48 3.0
743 212 4.0
743 251 4.0
743 279 4.0
743 355 3.0
743 385 4.0
743 596 4.0
743 691 4.0
743 834 4.0
743 889 2.0
744 81 1.0
744 198 1.0
744 280 2.0
744 361 3.0
744 374 1.0
744 451 4.0
744 458 4.0
744 514 2.0
744 680 3.0
744 786 1.0
744 914 3.0
745 164 4.0
745 263 4.0
745 410 4.0
745 452 3.0
745 482 4.0
745 555 3.0
745 800 3.0
745 893 3.0
745 912 4.0
746 89 3.0
746 106 2.0
746 170 2.0
746 174 3.0
746 215 4.0
746 275 4.0
746 362 4.0
746 454 3.0
746 473 4.0
746 493 3.0
746 553 4.0
746 663 4.0
746 725 4.0
746 835 4.0
747 333 1.0
747 399 3.0
747 651 2.0
748 372 4.0
748 463 2.0
748 585 4.0
748 635 3.0
748 807 4.0
748 991 1.0
749 364 4.0
749 378 4.0
749 417 4.0
749 838 4.0
749 892 2.0
749 971 1.0
750 150 2.0
750 242 4.0
750 259 1.0
750 323 4.0
750 406 4.0
750 534 4.0
750 775 4.0
751 522 4.0
751 869 4.0
751 951 2.0
752 145 2.0
752 346 3.0
752 423 3.0
752 461 2.0
752 480 4.0
752 523 2.0
752 726 4.0
752 740 4.0
752 824 2.0
752 896 4.0
753 128 4.0
753 137 2.0
753 393 1.0
753 814 4.0
753 984 3.0
754 205 4.0
754 243 1.0
754 481 4.0
754 529 3.0
754 530 4.0
754 588 2.0
754 609 2.0
754 709 4.0
754 732 4.0
755 46 1.0
755 66 4.0
755 231 3.0
755 261 4.0
755 477 4.0
755 570 4.0
755 671 3.0
755 730 3.0
755 900 1.0
756 283 2.0
756 290 4.0
756 336 4.0
756 789 4.0
756 975 4.0
757 53 4.0
757 124 2.0
757 274 4.0
757 351 4.0
757 399 3.0
757 424 4.0
757 572 1.0
757 657 4.0
757 789 4.0
758 33 4.0
758 92 4.0
758 332 0.0
758 474 4.0
758 861 4.0
758 862 4.0
758 928 4.0
759 274 2.0
759 333 4.0
759 336 4.0
759 351 2.0
759 389 1.0
759 651 4.0
759 975 4.0
760 226 2.0
760 388 2.0
760 536 1.0
760 551 4.0
760 566 3.0
760 767 4.0
760 894 4.0
760 996 4.0
760 999 4.0
761 17 3.0
761 335 3.0
761 613 3.0
761 628 4.0
761 687 3.0
761 918 4.0
761 932 4.0
762 1 4.0
762 180 1.0
762 225 4.0
762 634 2.0
762 828 2.0
762 982 2.0
762 997 4.0
763 86 4.0
763 184 4.0
763 216 3.0
763 236 4.0
763 239 3.0
763 304 2.0
763 369 3.0
763 690 2.0
764 68 2.0
764 218 1.0
764 284 4.0
764 381 2.0
764 576 3.0
764 590 4.0
764 667 3.0
764 713 4.0
764 970 4.0
764 992 3.0
765 160 2.0
765 208 3.0
765 286 4.0
765 569 1.0
765 773 4.0
766 854 2.0
767 108 2.0
767 226 1.0
767 388 3.0
767 512 4.0
767 536 2.0
767 551 2.0
767 566 1.0
767 594 3.0
767 686 2.0
767 760 4.0
767 999 4.0
768 131 4.0
768 165 3.0
768 408 2.0
768 411 2.0
768 425 4.0
768 532 4.0
768 735 3.0
768 815 2.0
768 880 3.0
768 929 4.0
768 972 3.0
769 29 4.0
769 44 4.0
769 143 3.0
769 158 4.0
769 265 4.0
769 294 1.0
769 484 3.0
769 808 4.0
769 955 4.0
770 77 4.0
770 397 3.0
770 502 3.0
770 643 1.0
770 689 4.0
770 952 4.0
771 26 4.0
771 344 4.0
771 409 4.0
771 419 4.0
771 445 4.0
771 527 4.0
771 953 3.0
772 123 4.0
772 172 2.0
772 268 3.0
772 285 2.0
772 494 2.0
772 607 4.0
773 160 2.0
773 320 4.0
773 409 4.0
773 419 4.0
773 421 2.0
773 765 4.0
774 127 4.0
774 827 3.0
774 958 3.0
774 998 4.0
775 189 4.0
775 242 2.0
775 532 3.0
775 534 1.0
775 644 3.0
775 750 4.0
775 929 2.0
776 113 4.0
776 187 4.0
776 367 4.0
776 538 4.0
776 650 1.0
776 817 3.0
777 136 2.0
777 325 4.0
777 361 4.0
777 426 4.0
777 451 2.0
777 621 3.0
777 680 4.0
777 733 4.0
777 857 1.0
777 879 2.0
778 176 3.0
778 649 1.0
778 805 4.0
778 997 2.0
779 0 2.0
779 234 2.0
779 921 4.0
780 11 4.0
780 166 4.0
780 199 2.0
780 392 3.0
780 533 2.0
780 557 3.0
780 681 2.0
780 805 4.0
780 810 2.0
781 16 3.0
781 864 4.0
782 178 2.0
782 308 1.0
782 434 3.0
782 446 2.0
782 491 4.0
782 521 4.0
782 610 3.0
782 642 2.0
782 831 3.0
782 844 2.0
782 954 0.0
783 70 4.0
783 161 1.0
783 357 2.0
783 586 3.0
784 133 0.0
784 144 4.0
784 237 4.0
784 244 3.0
784 253 4.0
784 311 3.0
784 433 4.0
784 888 2.0
785 125 4.0
785 422 4.0
785 637 4.0
785 660 3.0
785 788 0.0
785 921 4.0
785 933 2.0
786 81 1.0
786 198 0.0
786 280 3.0
786 361 3.0
786 374 1.0
786 451 4.0
786 514 3.0
786 621 4.0
786 680 2.0
786 744 1.0
786 870 4.0
786 914 2.0
787 315 4.0
787 698 4.0
788 125 4.0
788 422 4.0
788 637 4.0
788 660 3.0
788 785 0.0
788 921 4.0
788 933 2.0
789 124 2.0
789 274 4.0
789 283 2.0
789 290 4.0
789 336 4.0
789 351 4.0
789 501 4.0
789 572 3.0
789 657 4.0
789 756 4.0
789 757 4.0
789 975 4.0
790 54 4.0
790 287 0.0
790 470 4.0
790 712 2.0
790 848 1.0
790 969 4.0
791 269 2.0
791 367 3.0
791 429 4.0
791 564 3.0
791 630 4.0
791 817 3.0
792 39 4.0
792 116 1.0
792 241 3.0
792 368 0.0
792 623 4.0
792 855 4.0
792 934 3.0
793 205 2.0
793 529 4.0
793 732 3.0
793 851 0.0
794 54 4.0
794 167 2.0
794 578 2.0
794 598 4.0
795 548 4.0
795 579 3.0
795 654 2.0
796 19 4.0
796 447 2.0
796 578 4.0
796 598 4.0
796 739 3.0
796 830 2.0
796 907 4.0
796 995 1.0
797 220 3.0
797 334 4.0
797 640 4.0
797 699 4.0
797 829 3.0
798 67 4.0
798 270 3.0
798 515 1.0
799 235 3.0
799 542 4.0
799 548 3.0
799 579 4.0
799 716 1.0
799 728 0.0
800 263 1.0
800 452 1.0
800 482 2.0
800 500 2.0
800 745 3.0
800 893 3.0
801 431 4.0
801 508 2.0
801 625 4.0
801 647 4.0
801 653 4.0
801 729 1.0
801 841 3.0
801 949 1.0
802 213 4.0
802 230 1.0
802 276 3.0
802 376 3.0
802 459 4.0
802 528 4.0
802 600 4.0
802 943 1.0
803 55 4.0
803 85 4.0
803 210 3.0
803 281 4.0
803 348 2.0
803 352 2.0
803 438 3.0
803 878 4.0
804 60 1.0
804 163 1.0
804 197 1.0
804 527 3.0
804 539 3.0
804 953 4.0
805 176 2.0
805 568 4.0
805 649 3.0
805 778 4.0
805 780 4.0
805 810 4.0
805 989 2.0
806 87 3.0
806 298 4.0
806 467 4.0
806 616 3.0
806 980 3.0
807 316 4.0
807 372 3.0
807 455 2.0
807 463 1.0
807 585 2.0
807 586 4.0
807 748 4.0
807 922 4.0
807 991 3.0
808 29 2.0
808 143 4.0
808 769 4.0
809 171 2.0
809 503 2.0
809 584 4.0
809 627 4.0
810 166 4.0
810 199 4.0
810 266 4.0
810 533 3.0
810 681 3.0
810 780 2.0
810 805 4.0
810 926 4.0
810 989 4.0
811 41 3.0
811 260 4.0
811 935 4.0
812 166 4.0
812 604 2.0
813 135 3.0
813 209 2.0
813 291 4.0
813 315 4.0
813 525 3.0
813 559 4.0
813 698 4.0
814 137 3.0
814 753 4.0
815 131 2.0
815 165 3.0
815 408 4.0
815 411 3.0
815 425 3.0
815 532 4.0
815 735 2.0
815 768 2.0
815 845 4.0
815 880 4.0
815 972 2.0
816 53 2.0
816 119 4.0
816 424 3.0
816 620 4.0
817 113 4.0
817 269 2.0
817 367 2.0
817 429 3.0
817 538 4.0
817 650 2.0
817 776 3.0
817 791 3.0
818 233 4.0
818 322 4.0
818 487 4.0
818 868 4.0
818 968 3.0
819 360 1.0
819 407 4.0
819 547 4.0
819 639 4.0
819 833 3.0
819 973 3.0
820 18 4.0
820 99 4.0
820 131 3.0
820 358 2.0
820 425 2.0
820 898 4.0
821 144 1.0
821 244 3.0
821 433 1.0
822 68 4.0
822 510 2.0
822 565 1.0
822 590 4.0
822 667 3.0
822 945 1.0
822 970 3.0
822 992 4.0
823 101 2.0
823 219 4.0
823 267 4.0
823 436 4.0
823 513 4.0
823 544 4.0
823 678 1.0
823 715 3.0
823 988 3.0
824 145 3.0
824 337 4.0
824 346 4.0
824 423 4.0
824 461 3.0
824 523 1.0
824 682 4.0
824 740 4.0
824 752 2.0
824 885 3.0
824 896 4.0
825 18 4.0
825 40 1.0
825 113 2.0
825 270 4.0
825 367 4.0
825 429 3.0
825 444 1.0
825 545 3.0
825 556 4.0
826 16 2.0
826 256 3.0
826 280 4.0
826 458 2.0
827 303 4.0
827 571 2.0
827 774 3.0
827 958 2.0
827 998 4.0
828 1 4.0
828 127 4.0
828 180 2.0
828 225 2.0
828 634 1.0
828 762 2.0
828 982 0.0
829 70 4.0
829 334 2.0
829 335 3.0
829 573 4.0
829 613 4.0
829 640 2.0
829 687 4.0
829 699 3.0
829 797 3.0
829 918 4.0
829 932 4.0
830 54 4.0
830 447 3.0
830 739 1.0
830 796 2.0
830 907 3.0
830 995 4.0
831 149 2.0
831 178 4.0
831 308 4.0
831 434 4.0
831 446 3.0
831 521 1.0
831 610 4.0
831 642 3.0
831 782 3.0
831 844 1.0
831 954 3.0
831 964 2.0
832 37 1.0
832 121 4.0
832 153 4.0
832 371 1.0
832 379 1.0
832 479 1.0
832 720 4.0
832 873 2.0
832 930 4.0
833 360 4.0
833 407 1.0
833 819 3.0
833 940 4.0
834 212 1.0
834 279 2.0
834 353 3.0
834 472 1.0
834 622 1.0
834 691 3.0
834 743 4.0
834 889 3.0
834 941 2.0
835 174 3.0
835 345 2.0
835 385 4.0
835 454 1.0
835 493 1.0
835 601 1.0
835 704 3.0
835 725 4.0
835 746 4.0
836 1 4.0
836 88 2.0
836 561 1.0
837 57 4.0
837 110 4.0
837 187 3.0
837 232 3.0
837 290 4.0
837 501 4.0
837 605 3.0
837 902 1.0
838 159 1.0
838 364 3.0
838 415 4.0
838 417 3.0
838 490 4.0
838 749 4.0
838 892 3.0
838 950 3.0
838 971 4.0
839 394 4.0
839 405 4.0
839 592 2.0
839 714 1.0
839 843 4.0
840 51 4.0
840 354 4.0
840 448 1.0
840 540 4.0
840 543 3.0
840 990 3.0
841 314 4.0
841 508 4.0
841 520 3.0
841 647 2.0
841 653 4.0
841 729 4.0
841 801 3.0
841 949 4.0
842 204 1.0
842 248 4.0
842 258 2.0
842 435 1.0
842 457 3.0
842 544 4.0
842 577 3.0
842 734 4.0
843 62 4.0
843 405 2.0
843 592 3.0
843 664 4.0
843 714 3.0
843 839 4.0
844 149 4.0
844 178 4.0
844 308 4.0
844 434 4.0
844 446 1.0
844 521 3.0
844 610 2.0
844 642 1.0
844 782 2.0
844 831 1.0
844 954 2.0
844 964 3.0
845 425 4.0
845 735 4.0
845 815 4.0
845 972 4.0
846 496 2.0
846 530 4.0
846 709 3.0
846 906 2.0
846 948 4.0
847 8 3.0
847 112 4.0
847 246 3.0
847 468 2.0
847 891 4.0
848 200 4.0
848 287 1.0
848 470 4.0
848 712 3.0
848 790 1.0
849 381 4.0
849 638 4.0
849 919 4.0
850 80 4.0
850 171 4.0
850 387 3.0
850 627 2.0
850 920 2.0
850 936 2.0
851 205 2.0
851 529 4.0
851 732 3.0
851 793 0.0
852 103 4.0
852 111 2.0
852 211 1.0
852 271 4.0
852 509 3.0
852 977 3.0
853 50 4.0
853 56 3.0
853 63 1.0
853 188 2.0
853 400 2.0
853 656 3.0
853 985 2.0
854 84 4.0
854 766 2.0
855 39 4.0
855 116 3.0
855 368 4.0
855 792 4.0
856 97 4.0
856 597 2.0
856 940 1.0
857 136 1.0
857 325 3.0
857 361 4.0
857 426 3.0
857 451 2.0
857 621 4.0
857 680 4.0
857 733 3.0
857 777 1.0
857 879 1.0
858 52 3.0
858 115 3.0
858 119 3.0
858 147 3.0
858 326 3.0
858 403 3.0
859 6 4.0
859 240 2.0
859 289 4.0
859 331 4.0
859 345 4.0
859 462 4.0
859 596 4.0
859 672 4.0
859 707 4.0
859 872 4.0
859 911 3.0
859 923 2.0
860 414 4.0
860 511 2.0
860 512 4.0
860 594 4.0
860 624 4.0
860 705 2.0
860 719 4.0
861 24 4.0
861 105 3.0
861 332 4.0
861 349 2.0
861 599 4.0
861 758 4.0
861 947 4.0
862 33 3.0
862 92 0.0
862 332 4.0
862 431 3.0
862 474 1.0
862 625 2.0
862 758 4.0
862 895 4.0
862 928 1.0
863 95 4.0
863 138 3.0
863 155 1.0
863 354 4.0
863 540 3.0
863 543 4.0
863 554 4.0
863 602 2.0
863 742 3.0
863 913 4.0
864 589 3.0
864 781 4.0
864 946 4.0
865 10 1.0
865 43 4.0
865 182 3.0
865 560 1.0
865 567 4.0
865 632 1.0
865 673 4.0
865 883 3.0
866 154 2.0
866 317 3.0
866 519 3.0
866 636 3.0
866 908 2.0
866 937 4.0
867 34 1.0
867 181 2.0
867 480 4.0
867 726 4.0
867 740 4.0
867 896 4.0
867 939 4.0
867 942 2.0
867 974 4.0
868 21 2.0
868 172 3.0
868 233 3.0
868 285 4.0
868 298 4.0
868 487 0.0
868 494 4.0
868 616 4.0
868 818 4.0
868 980 4.0
869 414 4.0
869 595 4.0
869 751 4.0
869 903 4.0
870 81 4.0
870 198 4.0
870 374 4.0
870 431 3.0
870 621 3.0
870 625 4.0
870 680 3.0
870 786 4.0
870 895 4.0
870 914 3.0
871 169 1.0
872 289 4.0
872 331 1.0
872 462 2.0
872 549 3.0
872 672 3.0
872 731 4.0
872 859 4.0
873 37 1.0
873 153 2.0
873 371 1.0
873 379 4.0
873 479 3.0
873 582 4.0
873 832 2.0
873 930 4.0
874 410 4.0
874 631 2.0
874 893 4.0
875 329 4.0
875 443 3.0
876 100 4.0
876 143 4.0
876 252 2.0
876 265 3.0
876 321 1.0
876 574 1.0
876 897 3.0
876 955 3.0
876 956 4.0
876 993 4.0
877 65 3.0
877 148 2.0
877 203 4.0
877 305 4.0
878 85 1.0
878 348 2.0
878 352 4.0
878 803 4.0
879 136 0.0
879 256 4.0
879 280 4.0
879 325 2.0
879 361 3.0
879 426 3.0
879 451 2.0
879 621 4.0
879 680 4.0
879 733 4.0
879 777 2.0
879 857 1.0
880 151 4.0
880 165 3.0
880 408 1.0
880 411 2.0
880 628 3.0
880 768 3.0
880 815 4.0
881 366 4.0
881 424 4.0
881 427 2.0
881 620 4.0
881 676 1.0
881 979 2.0
882 45 3.0
882 99 4.0
882 313 1.0
882 391 3.0
882 486 4.0
882 606 0.0
883 10 3.0
883 52 3.0
883 560 3.0
883 567 1.0
883 632 2.0
883 865 3.0
883 890 4.0
884 139 2.0
884 581 3.0
884 661 4.0
885 145 4.0
885 337 2.0
885 523 4.0
885 717 3.0
885 824 3.0
886 6 4.0
886 14 2.0
886 473 4.0
887 2 1.0
887 56 3.0
887 58 4.0
887 363 4.0
887 617 1.0
887 985 4.0
888 133 2.0
888 206 3.0
888 237 1.0
888 244 3.0
888 253 2.0
888 784 2.0
889 48 2.0
889 212 2.0
889 251 3.0
889 279 2.0
889 355 3.0
889 472 3.0
889 622 3.0
889 691 2.0
889 743 2.0
889 834 3.0
889 941 3.0
890 10 4.0
890 191 1.0
890 567 4.0
890 632 4.0
890 736 4.0
890 883 4.0
890 963 3.0
891 8 1.0
891 48 3.0
891 246 1.0
891 251 2.0
891 355 2.0
891 847 4.0
892 7 4.0
892 159 4.0
892 292 3.0
892 364 2.0
892 378 4.0
892 749 2.0
892 838 3.0
892 971 1.0
893 74 4.0
893 263 3.0
893 410 2.0
893 452 4.0
893 631 4.0
893 745 3.0
893 800 3.0
893 874 4.0
894 426 4.0
894 658 4.0
894 733 4.0
894 760 4.0
894 999 4.0
895 92 4.0
895 431 4.0
895 474 4.0
895 661 2.0
895 666 1.0
895 862 4.0
895 870 4.0
895 914 4.0
895 928 3.0
896 34 3.0
896 181 4.0
896 346 3.0
896 423 3.0
896 461 2.0
896 480 3.0
896 523 3.0
896 537 4.0
896 682 3.0
896 726 2.0
896 740 1.0
896 752 4.0
896 824 4.0
896 867 4.0
896 942 2.0
897 143 4.0
897 252 4.0
897 321 3.0
897 574 1.0
897 876 3.0
897 955 2.0
897 956 2.0
897 993 2.0
898 32 1.0
898 99 2.0
898 131 3.0
898 165 3.0
898 411 4.0
898 425 3.0
898 486 4.0
898 820 4.0
899 55 3.0
899 281 4.0
899 293 2.0
899 350 4.0
899 456 3.0
899 546 2.0
899 612 1.0
899 697 4.0
899 915 1.0
899 976 4.0
900 46 1.0
900 231 4.0
900 261 4.0
900 395 4.0
900 477 4.0
900 570 4.0
900 671 2.0
900 730 4.0
900 755 1.0
901 269 4.0
901 564 4.0
901 630 3.0
901 978 4.0
902 57 4.0
902 187 4.0
902 232 4.0
902 290 4.0
902 501 3.0
902 605 4.0
902 736 4.0
902 837 1.0
902 963 4.0
903 414 1.0
903 511 3.0
903 731 4.0
903 869 4.0
903 951 4.0
904 260 3.0
904 694 3.0
904 737 1.0
904 935 4.0
905 80 4.0
905 118 4.0
905 311 4.0
906 65 4.0
906 148 4.0
906 496 4.0
906 709 4.0
906 846 2.0
907 447 4.0
907 739 2.0
907 796 4.0
907 830 3.0
908 66 4.0
908 154 1.0
908 158 3.0
908 207 4.0
908 317 2.0
908 477 4.0
908 484 4.0
908 614 3.0
908 866 2.0
908 937 3.0
909 70 3.0
909 161 4.0
909 455 4.0
909 586 3.0
909 640 4.0
909 699 3.0
909 966 1.0
910 347 3.0
910 702 4.0
910 983 4.0
911 6 2.0
911 14 4.0
911 240 4.0
911 261 4.0
911 345 4.0
911 704 4.0
911 707 1.0
911 859 3.0
911 923 4.0
912 26 3.0
912 164 3.0
912 245 2.0
912 320 1.0
912 344 3.0
912 409 4.0
912 410 4.0
912 421 3.0
912 445 4.0
912 555 3.0
912 745 4.0
913 354 2.0
913 540 3.0
913 543 4.0
913 602 4.0
913 611 3.0
913 673 2.0
913 863 4.0
913 938 4.0
914 81 3.0
914 198 2.0
914 374 3.0
914 514 4.0
914 661 3.0
914 680 4.0
914 744 3.0
914 786 2.0
914 870 3.0
914 895 4.0
915 55 2.0
915 210 4.0
915 281 4.0
915 293 1.0
915 456 2.0
915 546 1.0
915 612 0.0
915 697 3.0
915 899 1.0
915 976 4.0
916 89 4.0
916 106 4.0
916 170 3.0
916 179 4.0
916 215 2.0
916 275 4.0
916 306 4.0
916 362 1.0
916 553 2.0
917 255 3.0
917 272 4.0
917 464 3.0
917 669 2.0
917 677 4.0
917 927 4.0
918 17 1.0
918 334 3.0
918 335 3.0
918 391 4.0
918 497 4.0
918 573 1.0
918 613 4.0
918 687 1.0
918 761 4.0
918 829 4.0
918 932 1.0
919 535 2.0
919 638 1.0
919 641 4.0
919 849 4.0
920 383 4.0
920 387 1.0
920 591 4.0
920 627 3.0
920 692 4.0
920 850 2.0
920 936 1.0
921 637 1.0
921 660 3.0
921 779 4.0
921 785 4.0
921 788 4.0
922 141 4.0
922 316 2.0
922 356 3.0
922 372 2.0
922 430 3.0
922 463 4.0
922 585 2.0
922 807 4.0
923 240 0.0
923 289 4.0
923 345 4.0
923 462 4.0
923 596 2.0
923 672 4.0
923 859 2.0
923 911 4.0
924 156 3.0
924 389 4.0
924 485 3.0
924 651 4.0
925 47 4.0
925 204 4.0
925 248 3.0
925 277 4.0
925 435 4.0
925 449 2.0
925 478 4.0
925 492 3.0
925 577 2.0
925 662 4.0
925 724 2.0
926 30 4.0
926 94 4.0
926 266 4.0
926 568 4.0
926 583 4.0
926 810 4.0
926 989 4.0
927 222 3.0
927 677 4.0
927 683 4.0
927 917 4.0
928 33 4.0
928 92 1.0
928 332 4.0
928 431 3.0
928 474 1.0
928 625 3.0
928 666 4.0
928 758 4.0
928 862 1.0
928 895 3.0
929 242 4.0
929 408 4.0
929 532 3.0
929 534 3.0
929 644 4.0
929 735 4.0
929 768 4.0
929 775 2.0
929 972 4.0
930 24 3.0
930 37 3.0
930 105 4.0
930 153 4.0
930 341 3.0
930 371 3.0
930 582 1.0
930 701 3.0
930 832 4.0
930 873 4.0
931 413 4.0
931 518 4.0
931 604 4.0
932 17 2.0
932 334 2.0
932 335 3.0
932 391 4.0
932 497 4.0
932 573 1.0
932 613 4.0
932 687 1.0
932 761 4.0
932 829 4.0
932 918 1.0
933 125 3.0
933 422 2.0
933 542 4.0
933 660 3.0
933 785 2.0
933 788 2.0
933 960 4.0
934 116 4.0
934 241 1.0
934 368 3.0
934 623 4.0
934 723 4.0
934 792 3.0
935 260 1.0
935 340 1.0
935 401 4.0
935 694 4.0
935 737 3.0
935 811 4.0
935 904 4.0
936 387 1.0
936 627 4.0
936 692 3.0
936 850 2.0
936 920 1.0
937 154 4.0
937 158 2.0
937 484 4.0
937 866 4.0
937 908 3.0
938 52 3.0
938 326 4.0
938 560 4.0
938 611 1.0
938 673 4.0
938 706 3.0
938 913 4.0
939 219 2.0
939 465 4.0
939 646 1.0
939 867 4.0
939 988 4.0
940 407 4.0
940 436 4.0
940 513 4.0
940 597 3.0
940 715 4.0
940 833 4.0
940 856 1.0
941 48 4.0
941 212 1.0
941 271 4.0
941 279 1.0
941 353 4.0
941 472 1.0
941 622 1.0
941 691 1.0
941 834 2.0
941 889 3.0
942 34 1.0
942 181 2.0
942 346 4.0
942 423 4.0
942 461 4.0
942 480 3.0
942 682 4.0
942 726 2.0
942 740 2.0
942 867 2.0
942 896 2.0
943 230 2.0
943 276 2.0
943 376 3.0
943 528 3.0
943 600 4.0
943 802 1.0
943 957 4.0
944 488 4.0
944 959 3.0
944 962 3.0
945 68 3.0
945 214 4.0
945 510 3.0
945 565 1.0
945 590 2.0
945 667 2.0
945 822 1.0
945 970 3.0
945 992 4.0
946 178 3.0
946 278 2.0
946 308 4.0
946 434 2.0
946 589 2.0
946 721 3.0
946 864 4.0
947 95 4.0
947 118 4.0
947 349 4.0
947 398 1.0
947 599 0.0
947 861 4.0
948 195 1.0
948 301 4.0
948 416 4.0
948 467 4.0
948 496 3.0
948 506 2.0
948 846 4.0
948 986 2.0
949 431 3.0
949 508 1.0
949 625 3.0
949 729 1.0
949 801 1.0
949 841 4.0
950 128 3.0
950 159 1.0
950 415 3.0
950 417 4.0
950 490 4.0
950 838 3.0
951 731 3.0
951 751 2.0
951 903 4.0
952 126 3.0
952 389 4.0
952 397 1.0
952 476 3.0
952 502 2.0
952 643 2.0
952 770 4.0
953 26 4.0
953 74 4.0
953 197 4.0
953 344 4.0
953 445 3.0
953 527 3.0
953 771 3.0
953 804 4.0
954 178 2.0
954 308 1.0
954 434 3.0
954 446 2.0
954 491 4.0
954 521 4.0
954 610 3.0
954 642 2.0
954 782 0.0
954 831 3.0
954 844 2.0
955 29 4.0
955 143 1.0
955 265 4.0
955 321 4.0
955 574 2.0
955 769 4.0
955 876 3.0
955 897 2.0
955 956 2.0
955 993 2.0
956 29 4.0
956 143 3.0
956 574 3.0
956 619 3.0
956 876 4.0
956 897 2.0
956 955 2.0
956 993 0.0
957 276 2.0
957 376 2.0
957 600 1.0
957 639 4.0
957 943 4.0
958 90 4.0
958 571 3.0
958 774 3.0
958 827 2.0
959 488 4.0
959 655 3.0
959 695 4.0
959 944 3.0
959 962 4.0
960 329 4.0
960 422 3.0
960 542 2.0
960 548 4.0
960 579 4.0
960 660 3.0
960 933 4.0
961 58 3.0
961 91 3.0
961 249 2.0
961 250 4.0
961 440 4.0
961 442 3.0
961 683 4.0
961 722 1.0
962 49 4.0
962 76 4.0
962 121 3.0
962 944 3.0
962 959 4.0
963 57 4.0
963 110 4.0
963 191 2.0
963 232 4.0
963 469 2.0
963 736 4.0
963 890 3.0
963 902 4.0
964 149 1.0
964 446 4.0
964 521 1.0
964 642 4.0
964 831 2.0
964 844 3.0
965 47 4.0
965 449 4.0
965 478 3.0
965 492 3.0
965 662 4.0
965 702 1.0
965 983 1.0
966 70 4.0
966 161 4.0
966 455 3.0
966 586 2.0
966 699 4.0
966 909 1.0
967 129 0.0
967 196 1.0
967 288 1.0
967 327 1.0
967 563 2.0
967 618 3.0
968 132 4.0
968 233 4.0
968 235 4.0
968 322 3.0
968 418 4.0
968 818 3.0
969 287 4.0
969 790 4.0
970 68 2.0
970 218 4.0
970 381 3.0
970 510 3.0
970 565 2.0
970 590 4.0
970 667 1.0
970 764 4.0
970 822 3.0
970 945 3.0
970 992 1.0
971 7 4.0
971 292 4.0
971 364 3.0
971 378 4.0
971 749 1.0
971 838 4.0
971 892 1.0
972 131 4.0
972 411 4.0
972 425 4.0
972 532 2.0
972 644 4.0
972 735 0.0
972 768 3.0
972 815 2.0
972 845 4.0
972 929 4.0
973 27 3.0
973 64 3.0
973 360 3.0
973 459 3.0
973 547 4.0
973 639 3.0
973 688 4.0
973 819 3.0
974 34 4.0
974 181 3.0
974 402 3.0
974 675 2.0
974 867 4.0
975 126 4.0
975 274 2.0
975 283 4.0
975 336 0.0
975 351 2.0
975 389 4.0
975 756 4.0
975 759 4.0
975 789 4.0
976 55 4.0
976 210 3.0
976 281 2.0
976 293 4.0
976 377 1.0
976 420 1.0
976 456 2.0
976 460 1.0
976 612 4.0
976 697 1.0
976 899 4.0
976 915 4.0
977 103 2.0
977 111 4.0
977 211 2.0
977 509 1.0
977 852 3.0
978 310 3.0
978 538 4.0
978 679 4.0
978 901 4.0
979 25 3.0
979 366 4.0
979 427 1.0
979 676 2.0
979 881 2.0
980 21 2.0
980 233 3.0
980 298 1.0
980 487 4.0
980 616 1.0
980 806 3.0
980 868 4.0
981 125 4.0
981 422 4.0
982 1 4.0
982 127 4.0
982 180 2.0
982 225 2.0
982 634 1.0
982 762 2.0
982 828 0.0
983 47 4.0
983 449 4.0
983 478 4.0
983 492 4.0
983 662 4.0
983 702 1.0
983 910 4.0
983 965 1.0
984 393 3.0
984 593 3.0
984 629 2.0
984 753 3.0
984 994 2.0
985 56 1.0
985 63 3.0
985 188 1.0
985 400 1.0
985 656 4.0
985 853 2.0
985 887 4.0
986 195 2.0
986 301 3.0
986 416 2.0
986 467 4.0
986 496 4.0
986 506 2.0
986 948 2.0
987 61 4.0
987 587 2.0
987 674 1.0
988 101 4.0
988 219 2.0
988 267 3.0
988 646 3.0
988 678 4.0
988 823 3.0
988 939 4.0
989 30 4.0
989 176 2.0
989 568 2.0
989 583 4.0
989 649 4.0
989 805 2.0
989 810 4.0
989 926 4.0
990 51 4.0
990 118 4.0
990 120 4.0
990 398 4.0
990 448 3.0
990 840 3.0
991 372 3.0
991 463 1.0
991 585 3.0
991 635 3.0
991 748 1.0
991 807 3.0
992 68 2.0
992 218 4.0
992 381 2.0
992 510 4.0
992 565 3.0
992 590 4.0
992 667 1.0
992 764 3.0
992 822 4.0
992 945 4.0
992 970 1.0
993 29 4.0
993 143 3.0
993 574 3.0
993 619 3.0
993 876 4.0
993 897 2.0
993 955 2.0
993 956 0.0
994 393 4.0
994 402 4.0
994 593 2.0
994 629 0.0
994 984 2.0
995 19 3.0
995 447 3.0
995 578 4.0
995 598 3.0
995 739 4.0
995 796 1.0
995 830 4.0
996 20 1.0
996 388 4.0
996 520 4.0
996 760 4.0
997 180 4.0
997 649 3.0
997 762 4.0
997 778 2.0
998 535 4.0
998 641 1.0
998 774 4.0
998 827 4.0
999 108 3.0
999 226 4.0
999 512 4.0
999 536 4.0
999 566 3.0
999 594 4.0
999 760 4.0
999 767 4.0
999 894 4.0
