100
540
0 31.0 67.0
1 37.0 65.0
2 40.0 10.0
3 40.0 38.0
4 95.0 22.0
5 97.0 78.0
6 53.0 60.0
7 96.0 9.0
8 11.0 24.0
9 76.0 93.0
10 36.0 87.0
11 42.0 31.0
12 3.0 27.0
13 76.0 96.0
14 100.0 87.0
15 23.0 5.0
16 88.0 49.0
17 84.0 82.0
18 64.0 95.0
19 90.0 86.0
20 14.0 48.0
21 59.0 74.0
22 32.0 90.0
23 62.0 17.0
24 99.0 26.0
25 56.0 17.0
26 63.0 47.0
27 98.0 41.0
28 65.0 32.0
29 30.0 83.0
30 26.0 51.0
31 94.0 95.0
32 8.0 31.0
33 74.0 59.0
34 25.0 32.0
35 19.0 13.0
36 54.0 71.0
37 2.0 9.0
38 13.0 95.0
39 60.0 95.0
40 95.0 71.0
41 67.0 23.0
42 48.0 29.0
43 33.0 30.0
44 6.0 94.0
45 65.0 3.0
46 53.0 45.0
47 73.0 61.0
48 77.0 96.0
49 99.0 50.0
50 84.0 62.0
51 32.0 38.0
52 19.0 53.0
53 70.0 43.0
54 23.0 38.0
55 30.0 6.0
56 30.0 20.0
57 30.0 34.0
58 41.0 35.0
59 37.0 13.0
60 20.0 55.0
61 26.0 87.0
62 1.0 40.0
63 97.0 32.0
64 47.0 27.0
65 99.0 53.0
66 99.0 99.0
67 4.0 47.0
68 92.0 91.0
69 37.0 44.0
70 67.0 28.0
71 99.0 34.0
72 94.0 88.0
73 81.0 49.0
74 72.0 8.0
75 59.0 39.0
76 16.0 13.0
77 41.0 22.0
78 97.0 79.0
79 69.0 44.0
80 5.0 53.0
81 70.0 8.0
82 83.0 97.0
83 29.0 57.0
84 85.0 98.0
85 97.0 10.0
86 74.0 10.0
87 15.0 74.0
88 73.0 61.0
89 32.0 1.0
90 85.0 59.0
91 5.0 11.0
92 30.0 70.0
93 72.0 32.0
94 88.0 37.0
95 42.0 85.0
96 76.0 23.0
97 88.0 12.0
98 95.0 39.0
99 88.0 96.0
0 1 6.0
0 83 10.0
0 92 3.0
1 0 6.0
1 83 11.0
1 92 9.0
2 55 11.0
2 56 14.0
2 59 4.0
2 77 12.0
2 89 12.0
3 11 7.0
3 42 12.0
3 43 11.0
3 51 8.0
3 57 11.0
3 58 3.0
3 64 13.0
3 69 7.0
4 7 13.0
4 24 6.0
4 63 10.0
4 71 13.0
4 85 12.0
4 97 12.0
5 14 9.0
5 17 14.0
5 19 11.0
5 40 7.0
5 68 14.0
5 72 10.0
5 78 1.0
6 36 11.0
7 4 13.0
7 85 1.0
7 97 9.0
8 12 9.0
8 32 8.0
8 35 14.0
8 76 12.0
8 91 14.0
9 13 3.0
9 17 14.0
9 18 12.0
9 48 3.0
9 82 8.0
9 84 10.0
9 99 12.0
10 22 5.0
10 29 7.0
10 61 10.0
10 95 6.0
11 3 7.0
11 42 6.0
11 43 9.0
11 51 12.0
11 57 12.0
11 58 4.0
11 64 6.0
11 69 14.0
11 77 9.0
12 8 9.0
12 32 6.0
12 62 13.0
13 9 3.0
13 18 12.0
13 48 1.0
13 82 7.0
13 84 9.0
13 99 12.0
14 5 9.0
14 19 10.0
14 31 10.0
14 66 12.0
14 68 9.0
14 72 6.0
14 78 9.0
15 35 9.0
15 55 7.0
15 76 11.0
15 89 10.0
16 27 13.0
16 49 11.0
16 50 14.0
16 65 12.0
16 73 7.0
16 90 10.0
16 94 12.0
16 98 12.0
17 5 14.0
17 9 14.0
17 19 7.0
17 68 12.0
17 72 12.0
17 78 13.0
18 9 12.0
18 13 12.0
18 39 4.0
18 48 13.0
19 5 11.0
19 14 10.0
19 17 7.0
19 31 10.0
19 68 5.0
19 72 4.0
19 78 10.0
19 82 13.0
19 84 13.0
19 99 10.0
20 30 12.0
20 52 7.0
20 54 13.0
20 60 9.0
20 67 10.0
20 80 10.0
21 36 6.0
22 10 5.0
22 29 7.0
22 61 7.0
22 95 11.0
23 25 6.0
23 41 8.0
23 45 14.0
23 70 12.0
23 74 13.0
23 81 12.0
23 86 14.0
24 4 6.0
24 63 6.0
24 71 8.0
24 98 14.0
25 23 6.0
25 41 13.0
25 42 14.0
25 64 13.0
26 46 10.0
26 53 8.0
26 75 9.0
26 79 7.0
27 16 13.0
27 49 9.0
27 63 9.0
27 65 12.0
27 71 7.0
27 94 11.0
27 98 4.0
28 41 9.0
28 53 12.0
28 70 4.0
28 75 9.0
28 79 13.0
28 93 7.0
28 96 14.0
29 10 7.0
29 22 7.0
29 61 6.0
29 92 13.0
29 95 12.0
30 20 12.0
30 51 14.0
30 52 7.0
30 54 13.0
30 60 7.0
30 69 13.0
30 83 7.0
31 14 10.0
31 19 10.0
31 66 6.0
31 68 4.0
31 72 7.0
31 82 11.0
31 84 9.0
31 99 6.0
32 8 8.0
32 12 6.0
32 62 11.0
33 47 2.0
33 50 10.0
33 73 12.0
33 88 2.0
33 90 11.0
34 43 8.0
34 51 9.0
34 54 6.0
34 56 13.0
34 57 5.0
35 8 14.0
35 15 9.0
35 55 13.0
35 56 13.0
35 76 3.0
35 91 14.0
36 6 11.0
36 21 6.0
37 91 4.0
38 44 7.0
39 18 4.0
40 5 7.0
40 50 14.0
40 78 8.0
41 23 8.0
41 25 13.0
41 28 9.0
41 70 5.0
41 93 10.0
41 96 9.0
42 3 12.0
42 11 6.0
42 25 14.0
42 58 9.0
42 64 2.0
42 77 10.0
43 3 11.0
43 11 9.0
43 34 8.0
43 51 8.0
43 54 13.0
43 56 10.0
43 57 5.0
43 58 9.0
43 64 14.0
43 77 11.0
44 38 7.0
45 23 14.0
45 74 9.0
45 81 7.0
45 86 11.0
46 26 10.0
46 75 8.0
47 33 2.0
47 50 11.0
47 73 14.0
47 88 0.0
47 90 12.0
48 9 3.0
48 13 1.0
48 18 13.0
48 82 6.0
48 84 8.0
48 99 11.0
49 16 11.0
49 27 9.0
49 65 3.0
49 98 12.0
50 16 14.0
50 33 10.0
50 40 14.0
50 47 11.0
50 73 13.0
50 88 11.0
50 90 3.0
51 3 8.0
51 11 12.0
51 30 14.0
51 34 9.0
51 43 8.0
51 54 9.0
51 57 4.0
51 58 9.0
51 69 8.0
52 20 7.0
52 30 7.0
52 60 2.0
52 80 14.0
52 83 11.0
53 26 8.0
53 28 12.0
53 73 13.0
53 75 12.0
53 79 1.0
53 93 11.0
54 20 13.0
54 30 13.0
54 34 6.0
54 43 13.0
54 51 9.0
54 57 8.0
55 2 11.0
55 15 7.0
55 35 13.0
55 56 14.0
55 59 10.0
55 89 5.0
56 2 14.0
56 34 13.0
56 35 13.0
56 43 10.0
56 55 14.0
56 57 14.0
56 59 10.0
56 77 11.0
57 3 11.0
57 11 12.0
57 34 5.0
57 43 5.0
57 51 4.0
57 54 8.0
57 56 14.0
57 58 11.0
57 69 12.0
58 3 3.0
58 11 4.0
58 42 9.0
58 43 9.0
58 51 9.0
58 57 11.0
58 64 10.0
58 69 10.0
58 77 13.0
59 2 4.0
59 55 10.0
59 56 10.0
59 77 10.0
59 89 13.0
60 20 9.0
60 30 7.0
60 52 2.0
60 83 9.0
61 10 10.0
61 22 7.0
61 29 6.0
62 12 13.0
62 32 11.0
62 67 8.0
62 80 14.0
63 4 10.0
63 24 6.0
63 27 9.0
63 71 3.0
63 94 10.0
63 98 7.0
64 3 13.0
64 11 6.0
64 25 13.0
64 42 2.0
64 43 14.0
64 58 10.0
64 77 8.0
65 16 12.0
65 27 12.0
65 49 3.0
66 14 12.0
66 31 6.0
66 68 11.0
66 72 12.0
66 84 14.0
66 99 11.0
67 20 10.0
67 62 8.0
67 80 6.0
68 5 14.0
68 14 9.0
68 17 12.0
68 19 5.0
68 31 4.0
68 66 11.0
68 72 4.0
68 78 13.0
68 82 11.0
68 84 10.0
68 99 6.0
69 3 7.0
69 11 14.0
69 30 13.0
69 51 8.0
69 57 12.0
69 58 10.0
70 23 12.0
70 28 4.0
70 41 5.0
70 75 14.0
70 93 6.0
70 96 10.0
71 4 13.0
71 24 8.0
71 27 7.0
71 63 3.0
71 94 11.0
71 98 6.0
72 5 10.0
72 14 6.0
72 17 12.0
72 19 4.0
72 31 7.0
72 66 12.0
72 68 4.0
72 78 9.0
72 82 14.0
72 84 13.0
72 99 10.0
73 16 7.0
73 33 12.0
73 47 14.0
73 50 13.0
73 53 13.0
73 79 13.0
73 88 14.0
73 90 11.0
73 94 14.0
74 23 13.0
74 45 9.0
74 81 2.0
74 86 3.0
75 26 9.0
75 28 9.0
75 46 8.0
75 53 12.0
75 70 14.0
75 79 11.0
76 8 12.0
76 15 11.0
76 35 3.0
76 91 11.0
77 2 12.0
77 11 9.0
77 42 10.0
77 43 11.0
77 56 11.0
77 58 13.0
77 59 10.0
77 64 8.0
78 5 1.0
78 14 9.0
78 17 13.0
78 19 10.0
78 40 8.0
78 68 13.0
78 72 9.0
79 26 7.0
79 28 13.0
79 53 1.0
79 73 13.0
79 75 11.0
79 93 12.0
80 20 10.0
80 52 14.0
80 62 14.0
80 67 6.0
81 23 12.0
81 45 7.0
81 74 2.0
81 86 4.0
82 9 8.0
82 13 7.0
82 19 13.0
82 31 11.0
82 48 6.0
82 68 11.0
82 72 14.0
82 84 2.0
82 99 5.0
83 0 10.0
83 1 11.0
83 30 7.0
83 52 11.0
83 60 9.0
83 92 13.0
84 9 10.0
84 13 9.0
84 19 13.0
84 31 9.0
84 48 8.0
84 66 14.0
84 68 10.0
84 72 13.0
84 82 2.0
84 99 4.0
85 4 12.0
85 7 1.0
85 97 9.0
86 23 14.0
86 45 11.0
86 74 3.0
86 81 4.0
86 96 13.0
86 97 14.0
88 33 2.0
88 47 0.0
88 50 11.0
88 73 14.0
88 90 12.0
89 2 12.0
89 15 10.0
89 55 5.0
89 59 13.0
90 16 10.0
90 33 11.0
90 47 12.0
90 50 3.0
90 73 11.0
90 88 12.0
91 8 14.0
91 35 14.0
91 37 4.0
91 76 11.0
92 0 3.0
92 1 9.0
92 29 13.0
92 83 13.0
93 28 7.0
93 41 10.0
93 53 11.0
93 70 6.0
93 79 12.0
93 96 10.0
94 16 12.0
94 27 11.0
94 63 10.0
94 71 11.0
94 73 14.0
94 98 7.0
95 10 6.0
95 22 11.0
95 29 12.0
96 28 14.0
96 41 9.0
96 70 10.0
96 86 13.0
96 93 10.0
97 4 12.0
97 7 9.0
97 85 9.0
97 86 14.0
98 16 12.0
98 24 14.0
98 27 4.0
98 49 12.0
98 63 7.0
98 71 6.0
98 94 7.0
99 9 12.0
99 13 12.0
99 19 10.0
99 31 6.0
99 48 11.0
99 66 11.0
99 68 6.0
99 72 10.0
99 82 5.0
99 84 4.0
