225
2926
0 10.0 76.0
1 74.0 80.0
2 21.0 52.0
3 91.0 8.0
4 32.0 77.0
5 57.0 11.0
6 63.0 11.0
7 40.0 41.0
8 6.0 96.0
9 41.0 48.0
10 57.0 57.0
11 20.0 90.0
12 73.0 76.0
13 64.0 13.0
14 19.0 23.0
15 49.0 89.0
16 15.0 73.0
17 19.0 68.0
18 94.0 50.0
19 2.0 39.0
20 62.0 79.0
21 32.0 81.0
22 97.0 41.0
23 80.0 54.0
24 79.0 66.0
25 16.0 33.0
26 41.0 53.0
27 96.0 99.0
28 36.0 14.0
29 76.0 41.0
30 68.0 3.0
31 47.0 35.0
32 14.0 47.0
33 62.0 32.0
34 46.0 5.0
35 99.0 91.0
36 15.0 94.0
37 88.0 75.0
38 5.0 0.0
39 5.0 13.0
40 48.0 44.0
41 63.0 63.0
42 16.0 30.0
43 26.0 65.0
44 34.0 70.0
45 21.0 16.0
46 45.0 58.0
47 29.0 89.0
48 47.0 21.0
49 29.0 23.0
50 34.0 55.0
51 89.0 41.0
52 75.0 38.0
53 98.0 56.0
54 81.0 91.0
55 10.0 52.0
56 80.0 20.0
57 63.0 35.0
58 33.0 9.0
59 39.0 7.0
60 77.0 48.0
61 78.0 5.0
62 19.0 68.0
63 49.0 12.0
64 76.0 51.0
65 39.0 63.0
66 62.0 73.0
67 9.0 10.0
68 47.0 67.0
69 56.0 64.0
70 73.0 50.0
71 67.0 61.0
72 7.0 41.0
73 16.0 56.0
74 7.0 14.0
75 16.0 93.0
76 38.0 45.0
77 16.0 62.0
78 27.0 42.0
79 11.0 2.0
80 74.0 30.0
81 57.0 82.0
82 14.0 61.0
83 71.0 33.0
84 41.0 38.0
85 22.0 96.0
86 23.0 1.0
87 79.0 3.0
88 17.0 32.0
89 90.0 92.0
90 59.0 74.0
91 46.0 21.0
92 42.0 28.0
93 58.0 36.0
94 30.0 80.0
95 36.0 25.0
96 24.0 29.0
97 57.0 76.0
98 17.0 56.0
99 40.0 45.0
100 86.0 2.0
101 3.0 34.0
102 31.0 17.0
103 57.0 63.0
104 71.0 45.0
105 14.0 42.0
106 88.0 48.0
107 16.0 17.0
108 4.0 34.0
109 69.0 0.0
110 91.0 53.0
111 52.0 75.0
112 52.0 49.0
113 19.0 94.0
114 17.0 73.0
115 27.0 95.0
116 62.0 18.0
117 53.0 81.0
118 46.0 15.0
119 26.0 16.0
120 49.0 31.0
121 74.0 33.0
122 68.0 70.0
123 16.0 61.0
124 65.0 5.0
125 69.0 5.0
126 73.0 8.0
127 15.0 57.0
128 84.0 12.0
129 49.0 51.0
130 96.0 64.0
131 11.0 85.0
132 70.0 95.0
133 94.0 30.0
134 79.0 79.0
135 55.0 22.0
136 17.0 32.0
137 56.0 51.0
138 70.0 33.0
139 80.0 45.0
140 76.0 33.0
141 75.0 59.0
142 70.0 98.0
143 42.0 95.0
144 23.0 66.0
145 21.0 62.0
146 99.0 9.0
147 93.0 37.0
148 11.0 56.0
149 73.0 56.0
150 44.0 100.0
151 7.0 51.0
152 18.0 12.0
153 93.0 82.0
154 5.0 81.0
155 41.0 41.0
156 94.0 46.0
157 58.0 33.0
158 59.0 44.0
159 88.0 62.0
160 59.0 22.0
161 52.0 5.0
162 98.0 24.0
163 62.0 77.0
164 2.0 33.0
165 36.0 35.0
166 25.0 45.0
167 22.0 20.0
168 93.0 95.0
169 56.0 90.0
170 100.0 37.0
171 19.0 10.0
172 5.0 7.0
173 37.0 93.0
174 76.0 11.0
175 29.0 40.0
176 94.0 12.0
177 90.0 4.0
178 72.0 4.0
179 96.0 55.0
180 11.0 77.0
181 28.0 84.0
182 62.0 54.0
183 18.0 73.0
184 24.0 42.0
185 53.0 12.0
186 89.0 57.0
187 32.0 25.0
188 74.0 41.0
189 89.0 49.0
190 21.0 14.0
191 83.0 6.0
192 3.0 77.0
193 40.0 42.0
194 17.0 79.0
195 85.0 80.0
196 19.0 2.0
197 17.0 28.0
198 70.0 53.0
199 22.0 70.0
200 98.0 48.0
201 69.0 87.0
202 38.0 97.0
203 29.0 21.0
204 22.0 92.0
205 89.0 41.0
206 82.0 56.0
207 49.0 33.0
208 12.0 69.0
209 3.0 97.0
210 79.0 10.0
211 78.0 85.0
212 9.0 51.0
213 51.0 95.0
214 75.0 6.0
215 24.0 8.0
216 4.0 60.0
217 16.0 99.0
218 89.0 20.0
219 51.0 78.0
220 20.0 0.0
221 74.0 39.0
222 90.0 74.0
223 77.0 30.0
224 3.0 95.0
0 16 6.0
0 17 12.0
0 62 12.0
0 114 8.0
0 131 9.0
0 154 7.0
0 180 1.0
0 183 9.0
0 192 7.0
0 194 8.0
0 199 13.0
0 208 7.0
1 12 4.0
1 20 12.0
1 54 13.0
1 66 14.0
1 122 12.0
1 134 5.0
1 163 12.0
1 195 11.0
1 201 9.0
1 211 6.0
2 32 9.0
2 43 14.0
2 50 13.0
2 55 11.0
2 73 6.0
2 77 11.0
2 78 12.0
2 82 11.0
2 98 6.0
2 105 12.0
2 123 10.0
2 127 8.0
2 144 14.0
2 145 10.0
2 148 11.0
2 151 14.0
2 166 8.0
2 175 14.0
2 184 10.0
2 212 12.0
3 61 13.0
3 87 13.0
3 100 8.0
3 128 8.0
3 146 8.0
3 176 5.0
3 177 4.0
3 191 8.0
3 210 12.0
3 218 12.0
4 21 4.0
4 43 13.0
4 44 7.0
4 47 12.0
4 94 4.0
4 144 14.0
4 181 8.0
4 199 12.0
5 6 6.0
5 13 7.0
5 30 14.0
5 34 13.0
5 48 14.0
5 63 8.0
5 116 9.0
5 118 12.0
5 124 10.0
5 125 13.0
5 135 11.0
5 160 11.0
5 161 8.0
5 185 4.0
6 5 6.0
6 13 2.0
6 30 9.0
6 63 14.0
6 109 13.0
6 116 7.0
6 124 6.0
6 125 8.0
6 126 10.0
6 135 14.0
6 160 12.0
6 161 13.0
6 174 13.0
6 178 11.0
6 185 10.0
6 214 13.0
7 9 7.0
7 26 12.0
7 31 9.0
7 40 9.0
7 76 4.0
7 78 13.0
7 84 3.0
7 92 13.0
7 99 4.0
7 112 14.0
7 120 13.0
7 129 13.0
7 155 1.0
7 165 7.0
7 175 11.0
7 193 1.0
7 207 12.0
8 36 9.0
8 75 10.0
8 113 13.0
8 131 12.0
8 209 3.0
8 217 10.0
8 224 3.0
9 7 7.0
9 26 5.0
9 31 14.0
9 40 8.0
9 46 11.0
9 50 10.0
9 76 4.0
9 84 10.0
9 99 3.0
9 112 11.0
9 129 9.0
9 155 7.0
9 165 14.0
9 175 14.0
9 193 6.0
10 41 8.0
10 46 12.0
10 68 14.0
10 69 7.0
10 71 11.0
10 103 6.0
10 112 9.0
10 129 10.0
10 137 6.0
10 158 13.0
10 182 6.0
10 198 14.0
11 36 6.0
11 47 9.0
11 75 5.0
11 85 6.0
11 94 14.0
11 113 4.0
11 115 9.0
11 131 10.0
11 181 10.0
11 194 11.0
11 204 3.0
11 217 10.0
12 1 4.0
12 20 11.0
12 24 12.0
12 66 11.0
12 90 14.0
12 122 8.0
12 134 7.0
12 163 11.0
12 195 13.0
12 201 12.0
12 211 10.0
13 5 7.0
13 6 2.0
13 30 11.0
13 109 14.0
13 116 5.0
13 124 8.0
13 125 9.0
13 126 10.0
13 135 13.0
13 160 10.0
13 161 14.0
13 174 12.0
13 178 12.0
13 185 11.0
13 214 13.0
14 25 10.0
14 42 8.0
14 45 7.0
14 49 10.0
14 88 9.0
14 96 8.0
14 102 13.0
14 107 7.0
14 119 10.0
14 136 9.0
14 152 11.0
14 167 4.0
14 171 13.0
14 187 13.0
14 190 9.0
14 197 5.0
14 203 10.0
15 81 11.0
15 111 14.0
15 117 9.0
15 143 9.0
15 150 12.0
15 169 7.0
15 173 13.0
15 202 14.0
15 213 6.0
15 219 11.0
16 0 6.0
16 17 6.0
16 43 14.0
16 62 6.0
16 77 11.0
16 82 12.0
16 114 2.0
16 123 12.0
16 131 13.0
16 144 11.0
16 145 13.0
16 154 13.0
16 180 6.0
16 183 3.0
16 192 13.0
16 194 6.0
16 199 8.0
16 208 5.0
17 0 12.0
17 16 6.0
17 43 8.0
17 62 0.0
17 73 12.0
17 77 7.0
17 82 9.0
17 98 12.0
17 114 5.0
17 123 8.0
17 127 12.0
17 144 4.0
17 145 6.0
17 148 14.0
17 180 12.0
17 183 5.0
17 194 11.0
17 199 4.0
17 208 7.0
18 22 9.0
18 51 10.0
18 53 7.0
18 106 6.0
18 110 4.0
18 130 14.0
18 147 13.0
18 156 4.0
18 159 13.0
18 170 14.0
18 179 5.0
18 186 9.0
18 189 5.0
18 200 4.0
18 205 10.0
18 206 13.0
19 32 14.0
19 72 5.0
19 101 5.0
19 105 12.0
19 108 5.0
19 151 13.0
19 164 6.0
19 212 14.0
20 1 12.0
20 12 11.0
20 66 6.0
20 81 6.0
20 90 6.0
20 97 6.0
20 111 11.0
20 117 9.0
20 122 11.0
20 163 2.0
20 169 13.0
20 201 11.0
20 219 11.0
21 4 4.0
21 44 11.0
21 47 9.0
21 94 2.0
21 173 13.0
21 181 5.0
22 18 9.0
22 51 8.0
22 106 11.0
22 110 13.0
22 133 11.0
22 147 6.0
22 156 6.0
22 170 5.0
22 179 14.0
22 189 11.0
22 200 7.0
22 205 8.0
23 24 12.0
23 29 14.0
23 60 7.0
23 64 5.0
23 70 8.0
23 104 13.0
23 106 10.0
23 110 11.0
23 139 9.0
23 141 7.0
23 149 7.0
23 159 11.0
23 186 9.0
23 188 14.0
23 189 10.0
23 198 10.0
23 206 3.0
24 12 12.0
24 23 12.0
24 37 13.0
24 71 13.0
24 122 12.0
24 134 13.0
24 141 8.0
24 149 12.0
24 159 10.0
24 186 13.0
24 206 10.0
24 222 14.0
25 14 10.0
25 32 14.0
25 42 3.0
25 72 12.0
25 78 14.0
25 88 1.0
25 96 9.0
25 101 13.0
25 105 9.0
25 108 12.0
25 136 1.0
25 164 14.0
25 167 14.0
25 184 12.0
25 197 5.0
26 7 12.0
26 9 5.0
26 40 11.0
26 46 6.0
26 50 7.0
26 65 10.0
26 76 9.0
26 99 8.0
26 112 12.0
26 129 8.0
26 155 12.0
26 193 11.0
27 35 9.0
27 89 9.0
27 168 5.0
28 34 13.0
28 48 13.0
28 49 11.0
28 58 6.0
28 59 8.0
28 63 13.0
28 91 12.0
28 95 11.0
28 102 6.0
28 118 10.0
28 119 10.0
28 187 12.0
28 203 10.0
28 215 13.0
29 23 14.0
29 51 13.0
29 52 3.0
29 57 14.0
29 60 7.0
29 64 10.0
29 70 9.0
29 80 11.0
29 83 9.0
29 104 6.0
29 106 14.0
29 121 8.0
29 138 10.0
29 139 6.0
29 140 8.0
29 188 2.0
29 198 13.0
29 205 13.0
29 221 3.0
29 223 11.0
30 5 14.0
30 6 9.0
30 13 11.0
30 61 10.0
30 87 11.0
30 109 3.0
30 124 4.0
30 125 2.0
30 126 7.0
30 174 11.0
30 178 4.0
30 210 13.0
30 214 8.0
31 7 9.0
31 9 14.0
31 40 9.0
31 48 14.0
31 76 13.0
31 84 7.0
31 91 14.0
31 92 9.0
31 93 11.0
31 99 12.0
31 120 4.0
31 155 8.0
31 157 11.0
31 165 11.0
31 193 10.0
31 207 3.0
32 2 9.0
32 19 14.0
32 25 14.0
32 55 6.0
32 72 9.0
32 73 9.0
32 78 14.0
32 82 14.0
32 98 9.0
32 105 5.0
32 123 14.0
32 127 10.0
32 148 9.0
32 151 8.0
32 166 11.0
32 184 11.0
32 212 6.0
33 52 14.0
33 57 3.0
33 80 12.0
33 83 9.0
33 93 6.0
33 116 14.0
33 120 13.0
33 121 12.0
33 135 12.0
33 138 8.0
33 140 14.0
33 157 4.0
33 158 12.0
33 160 10.0
33 207 13.0
33 221 14.0
34 5 13.0
34 28 13.0
34 58 14.0
34 59 7.0
34 63 8.0
34 118 10.0
34 161 6.0
34 185 10.0
35 27 9.0
35 89 9.0
35 153 11.0
35 168 7.0
36 8 9.0
36 11 6.0
36 75 1.0
36 85 7.0
36 113 4.0
36 115 12.0
36 131 10.0
36 204 7.0
36 209 12.0
36 217 5.0
36 224 12.0
37 24 13.0
37 130 14.0
37 134 10.0
37 153 9.0
37 159 13.0
37 195 6.0
37 211 14.0
37 222 2.0
38 39 13.0
38 67 11.0
38 74 14.0
38 79 6.0
38 172 7.0
38 196 14.0
39 38 13.0
39 67 5.0
39 74 2.0
39 79 13.0
39 107 12.0
39 152 13.0
39 171 14.0
39 172 6.0
40 7 9.0
40 9 8.0
40 26 11.0
40 31 9.0
40 46 14.0
40 76 10.0
40 84 9.0
40 93 13.0
40 99 8.0
40 112 6.0
40 120 13.0
40 129 7.0
40 137 11.0
40 155 8.0
40 158 11.0
40 193 8.0
40 207 11.0
41 10 8.0
41 66 10.0
41 69 7.0
41 71 4.0
41 90 12.0
41 97 14.0
41 103 6.0
41 122 9.0
41 137 14.0
41 141 13.0
41 149 12.0
41 163 14.0
41 182 9.0
41 198 12.0
42 14 8.0
42 25 3.0
42 72 14.0
42 88 2.0
42 96 8.0
42 101 14.0
42 105 12.0
42 107 13.0
42 108 13.0
42 136 2.0
42 164 14.0
42 167 12.0
42 184 14.0
42 197 2.0
43 2 14.0
43 4 13.0
43 16 14.0
43 17 8.0
43 44 9.0
43 50 13.0
43 62 8.0
43 65 13.0
43 73 13.0
43 77 10.0
43 82 13.0
43 98 13.0
43 114 12.0
43 123 11.0
43 127 14.0
43 144 3.0
43 145 6.0
43 183 11.0
43 199 6.0
44 4 7.0
44 21 11.0
44 43 9.0
44 65 9.0
44 68 13.0
44 94 11.0
44 144 12.0
44 199 12.0
45 14 7.0
45 49 11.0
45 58 14.0
45 67 13.0
45 74 14.0
45 96 13.0
45 102 10.0
45 107 5.0
45 119 5.0
45 152 5.0
45 167 4.0
45 171 6.0
45 187 14.0
45 190 2.0
45 196 14.0
45 197 13.0
45 203 9.0
45 215 9.0
46 9 11.0
46 10 12.0
46 26 6.0
46 40 14.0
46 50 11.0
46 65 8.0
46 68 9.0
46 69 13.0
46 99 14.0
46 103 13.0
46 112 11.0
46 129 8.0
46 137 13.0
47 4 12.0
47 11 9.0
47 21 9.0
47 75 14.0
47 85 10.0
47 94 9.0
47 113 11.0
47 115 6.0
47 143 14.0
47 173 9.0
47 181 5.0
47 202 12.0
47 204 8.0
48 5 14.0
48 28 13.0
48 31 14.0
48 63 9.0
48 91 1.0
48 92 9.0
48 95 12.0
48 118 6.0
48 120 10.0
48 135 8.0
48 160 12.0
48 185 11.0
48 207 12.0
49 14 10.0
49 28 11.0
49 45 11.0
49 92 14.0
49 95 7.0
49 96 8.0
49 102 6.0
49 107 14.0
49 119 8.0
49 165 14.0
49 167 8.0
49 187 4.0
49 190 12.0
49 197 13.0
49 203 2.0
50 2 13.0
50 9 10.0
50 26 7.0
50 43 13.0
50 46 11.0
50 65 9.0
50 76 11.0
50 99 12.0
50 166 13.0
50 193 14.0
51 18 10.0
51 22 8.0
51 29 13.0
51 52 14.0
51 60 14.0
51 106 7.0
51 110 12.0
51 133 12.0
51 139 10.0
51 147 6.0
51 156 7.0
51 170 12.0
51 189 8.0
51 200 11.0
51 205 0.0
52 29 3.0
52 33 14.0
52 51 14.0
52 57 12.0
52 60 10.0
52 64 13.0
52 70 12.0
52 80 8.0
52 83 6.0
52 104 8.0
52 121 5.0
52 138 7.0
52 139 9.0
52 140 5.0
52 188 3.0
52 205 14.0
52 221 1.0
52 223 8.0
53 18 7.0
53 106 13.0
53 110 8.0
53 130 8.0
53 156 11.0
53 159 12.0
53 179 2.0
53 186 9.0
53 189 11.0
53 200 8.0
54 1 13.0
54 89 9.0
54 132 12.0
54 134 12.0
54 142 13.0
54 168 13.0
54 195 12.0
54 201 13.0
54 211 7.0
55 2 11.0
55 32 6.0
55 72 11.0
55 73 7.0
55 77 12.0
55 82 10.0
55 98 8.0
55 105 11.0
55 123 11.0
55 127 7.0
55 148 4.0
55 151 3.0
55 212 1.0
55 216 10.0
56 80 12.0
56 121 14.0
56 126 14.0
56 128 9.0
56 140 14.0
56 174 10.0
56 191 14.0
56 210 10.0
56 218 9.0
56 223 10.0
57 29 14.0
57 33 3.0
57 52 12.0
57 80 12.0
57 83 8.0
57 93 5.0
57 104 13.0
57 121 11.0
57 138 7.0
57 140 13.0
57 157 5.0
57 158 10.0
57 160 14.0
57 188 13.0
57 207 14.0
57 221 12.0
58 28 6.0
58 34 14.0
58 45 14.0
58 59 6.0
58 86 13.0
58 102 8.0
58 118 14.0
58 119 10.0
58 171 14.0
58 190 13.0
58 203 13.0
58 215 9.0
59 28 8.0
59 34 7.0
59 58 6.0
59 63 11.0
59 102 13.0
59 118 11.0
59 161 13.0
60 23 7.0
60 29 7.0
60 51 14.0
60 52 10.0
60 64 3.0
60 70 4.0
60 104 7.0
60 106 11.0
60 139 4.0
60 141 11.0
60 149 9.0
60 188 8.0
60 189 12.0
60 198 9.0
60 205 14.0
60 206 9.0
60 221 9.0
61 3 13.0
61 30 10.0
61 87 2.0
61 100 9.0
61 109 10.0
61 124 13.0
61 125 9.0
61 126 6.0
61 128 9.0
61 174 6.0
61 177 12.0
61 178 6.0
61 191 5.0
61 210 5.0
61 214 3.0
62 0 12.0
62 16 6.0
62 17 0.0
62 43 8.0
62 73 12.0
62 77 7.0
62 82 9.0
62 98 12.0
62 114 5.0
62 123 8.0
62 127 12.0
62 144 4.0
62 145 6.0
62 148 14.0
62 180 12.0
62 183 5.0
62 194 11.0
62 199 4.0
62 208 7.0
63 5 8.0
63 6 14.0
63 28 13.0
63 34 8.0
63 48 9.0
63 59 11.0
63 91 9.0
63 116 14.0
63 118 4.0
63 135 12.0
63 160 14.0
63 161 8.0
63 185 4.0
64 23 5.0
64 29 10.0
64 52 13.0
64 60 3.0
64 70 3.0
64 71 13.0
64 104 8.0
64 106 12.0
64 139 7.0
64 141 8.0
64 149 6.0
64 182 14.0
64 186 14.0
64 188 10.0
64 189 13.0
64 198 6.0
64 206 8.0
64 221 12.0
65 26 10.0
65 43 13.0
65 44 9.0
65 46 8.0
65 50 9.0
65 68 9.0
66 1 14.0
66 12 11.0
66 20 6.0
66 41 10.0
66 69 11.0
66 71 13.0
66 81 10.0
66 90 3.0
66 97 6.0
66 103 11.0
66 111 10.0
66 117 12.0
66 122 7.0
66 163 4.0
66 219 12.0
67 38 11.0
67 39 5.0
67 45 13.0
67 74 4.0
67 79 8.0
67 107 10.0
67 152 9.0
67 171 10.0
67 172 5.0
67 190 13.0
67 196 13.0
68 10 14.0
68 44 13.0
68 46 9.0
68 65 9.0
68 69 9.0
68 90 14.0
68 97 13.0
68 103 11.0
68 111 9.0
68 219 12.0
69 10 7.0
69 41 7.0
69 46 13.0
69 66 11.0
69 68 9.0
69 71 11.0
69 90 10.0
69 97 12.0
69 103 1.0
69 111 12.0
69 122 13.0
69 137 13.0
69 163 14.0
69 182 12.0
70 23 8.0
70 29 9.0
70 52 12.0
70 60 4.0
70 64 3.0
70 71 13.0
70 104 5.0
70 139 9.0
70 141 9.0
70 149 6.0
70 182 12.0
70 188 9.0
70 198 4.0
70 206 11.0
70 221 11.0
71 10 11.0
71 24 13.0
71 41 4.0
71 64 13.0
71 66 13.0
71 69 11.0
71 70 13.0
71 103 10.0
71 122 9.0
71 141 8.0
71 149 8.0
71 182 9.0
71 198 9.0
72 19 5.0
72 25 12.0
72 32 9.0
72 42 14.0
72 55 11.0
72 88 13.0
72 101 8.0
72 105 7.0
72 108 8.0
72 136 13.0
72 151 10.0
72 164 9.0
72 212 10.0
73 2 6.0
73 17 12.0
73 32 9.0
73 43 13.0
73 55 7.0
73 62 12.0
73 77 6.0
73 82 5.0
73 98 1.0
73 105 14.0
73 123 5.0
73 127 1.0
73 144 12.0
73 145 8.0
73 148 5.0
73 151 10.0
73 166 14.0
73 208 14.0
73 212 9.0
73 216 13.0
74 38 14.0
74 39 2.0
74 45 14.0
74 67 4.0
74 79 13.0
74 107 9.0
74 152 11.0
74 171 13.0
74 172 7.0
74 190 14.0
75 8 10.0
75 11 5.0
75 36 1.0
75 47 14.0
75 85 7.0
75 113 3.0
75 115 11.0
75 131 9.0
75 194 14.0
75 204 6.0
75 209 14.0
75 217 6.0
75 224 13.0
76 7 4.0
76 9 4.0
76 26 9.0
76 31 13.0
76 40 10.0
76 50 11.0
76 78 11.0
76 84 8.0
76 99 2.0
76 129 13.0
76 155 5.0
76 165 10.0
76 166 13.0
76 175 10.0
76 184 14.0
76 193 4.0
77 2 11.0
77 16 11.0
77 17 7.0
77 43 10.0
77 55 12.0
77 62 7.0
77 73 6.0
77 82 2.0
77 98 6.0
77 114 11.0
77 123 1.0
77 127 5.0
77 144 8.0
77 145 5.0
77 148 8.0
77 151 14.0
77 183 11.0
77 199 10.0
77 208 8.0
77 212 13.0
77 216 12.0
78 2 12.0
78 7 13.0
78 25 14.0
78 32 14.0
78 76 11.0
78 88 14.0
78 96 13.0
78 99 13.0
78 105 13.0
78 136 14.0
78 155 14.0
78 165 11.0
78 166 4.0
78 175 3.0
78 184 3.0
78 193 13.0
79 38 6.0
79 39 13.0
79 67 8.0
79 74 13.0
79 86 12.0
79 152 12.0
79 171 11.0
79 172 8.0
79 196 8.0
79 215 14.0
79 220 9.0
80 29 11.0
80 33 12.0
80 52 8.0
80 56 12.0
80 57 12.0
80 83 4.0
80 121 3.0
80 138 5.0
80 140 4.0
80 188 11.0
80 221 9.0
80 223 3.0
81 15 11.0
81 20 6.0
81 66 10.0
81 90 8.0
81 97 6.0
81 111 9.0
81 117 4.0
81 163 7.0
81 169 8.0
81 201 13.0
81 213 14.0
81 219 7.0
82 2 11.0
82 16 12.0
82 17 9.0
82 32 14.0
82 43 13.0
82 55 10.0
82 62 9.0
82 73 5.0
82 77 2.0
82 98 6.0
82 114 12.0
82 123 2.0
82 127 4.0
82 144 10.0
82 145 7.0
82 148 6.0
82 151 12.0
82 183 13.0
82 199 12.0
82 208 8.0
82 212 11.0
82 216 10.0
83 29 9.0
83 33 9.0
83 52 6.0
83 57 8.0
83 80 4.0
83 93 13.0
83 104 12.0
83 121 3.0
83 138 1.0
83 140 5.0
83 157 13.0
83 188 9.0
83 221 7.0
83 223 7.0
84 7 3.0
84 9 10.0
84 31 7.0
84 40 9.0
84 76 8.0
84 92 10.0
84 95 14.0
84 99 7.0
84 120 11.0
84 155 3.0
84 165 6.0
84 175 12.0
84 193 4.0
84 207 9.0
85 11 6.0
85 36 7.0
85 47 10.0
85 75 7.0
85 113 4.0
85 115 5.0
85 181 13.0
85 204 4.0
85 217 7.0
86 58 13.0
86 79 12.0
86 152 12.0
86 171 10.0
86 190 13.0
86 196 4.0
86 215 7.0
86 220 3.0
87 3 13.0
87 30 11.0
87 61 2.0
87 100 7.0
87 109 10.0
87 124 14.0
87 125 10.0
87 126 8.0
87 128 10.0
87 174 9.0
87 177 11.0
87 178 7.0
87 191 5.0
87 210 7.0
87 214 5.0
88 14 9.0
88 25 1.0
88 42 2.0
88 72 13.0
88 78 14.0
88 96 8.0
88 101 14.0
88 105 10.0
88 108 13.0
88 136 0.0
88 167 13.0
88 175 14.0
88 184 12.0
88 197 4.0
89 27 9.0
89 35 9.0
89 54 9.0
89 153 10.0
89 168 4.0
89 195 13.0
89 211 14.0
90 12 14.0
90 20 6.0
90 41 12.0
90 66 3.0
90 68 14.0
90 69 10.0
90 81 8.0
90 97 3.0
90 103 11.0
90 111 7.0
90 117 9.0
90 122 10.0
90 163 4.0
90 219 9.0
91 28 12.0
91 31 14.0
91 48 1.0
91 63 9.0
91 92 8.0
91 95 11.0
91 118 6.0
91 120 10.0
91 135 9.0
91 160 13.0
91 185 11.0
91 207 12.0
92 7 13.0
92 31 9.0
92 48 9.0
92 49 14.0
92 84 10.0
92 91 8.0
92 95 7.0
92 118 14.0
92 120 8.0
92 135 14.0
92 155 13.0
92 165 9.0
92 187 10.0
92 193 14.0
92 207 9.0
93 31 11.0
93 33 6.0
93 40 13.0
93 57 5.0
93 83 13.0
93 112 14.0
93 120 10.0
93 135 14.0
93 138 12.0
93 157 3.0
93 158 8.0
93 160 14.0
93 207 9.0
94 4 4.0
94 11 14.0
94 21 2.0
94 44 11.0
94 47 9.0
94 181 4.0
94 183 14.0
94 194 13.0
94 199 13.0
94 204 14.0
95 28 11.0
95 48 12.0
95 49 7.0
95 84 14.0
95 91 11.0
95 92 7.0
95 96 13.0
95 102 9.0
95 118 14.0
95 119 13.0
95 120 14.0
95 165 10.0
95 187 4.0
95 203 8.0
96 14 8.0
96 25 9.0
96 42 8.0
96 45 13.0
96 49 8.0
96 78 13.0
96 88 8.0
96 95 13.0
96 102 14.0
96 107 14.0
96 119 13.0
96 136 8.0
96 165 13.0
96 167 9.0
96 175 12.0
96 184 13.0
96 187 9.0
96 197 7.0
96 203 9.0
97 20 6.0
97 41 14.0
97 66 6.0
97 68 13.0
97 69 12.0
97 81 6.0
97 90 3.0
97 103 13.0
97 111 5.0
97 117 6.0
97 122 13.0
97 163 5.0
97 169 14.0
97 219 6.0
98 2 6.0
98 17 12.0
98 32 9.0
98 43 13.0
98 55 8.0
98 62 12.0
98 73 1.0
98 77 6.0
98 82 6.0
98 105 14.0
98 123 5.0
98 127 2.0
98 144 12.0
98 145 7.0
98 148 6.0
98 151 11.0
98 166 14.0
98 208 14.0
98 212 9.0
98 216 14.0
99 7 4.0
99 9 3.0
99 26 8.0
99 31 12.0
99 40 8.0
99 46 14.0
99 50 12.0
99 76 2.0
99 78 13.0
99 84 7.0
99 112 13.0
99 129 11.0
99 155 4.0
99 165 11.0
99 175 12.0
99 193 3.0
100 3 8.0
100 61 9.0
100 87 7.0
100 126 14.0
100 128 10.0
100 174 13.0
100 176 13.0
100 177 4.0
100 178 14.0
100 191 5.0
100 210 11.0
100 214 12.0
101 19 5.0
101 25 13.0
101 42 14.0
101 72 8.0
101 88 14.0
101 105 14.0
101 108 1.0
101 136 14.0
101 164 1.0
102 14 13.0
102 28 6.0
102 45 10.0
102 49 6.0
102 58 8.0
102 59 13.0
102 95 9.0
102 96 14.0
102 119 5.0
102 152 14.0
102 167 9.0
102 171 14.0
102 187 8.0
102 190 10.0
102 203 4.0
102 215 11.0
103 10 6.0
103 41 6.0
103 46 13.0
103 66 11.0
103 68 11.0
103 69 1.0
103 71 10.0
103 90 11.0
103 97 13.0
103 111 13.0
103 122 13.0
103 129 14.0
103 137 12.0
103 182 10.0
104 23 13.0
104 29 6.0
104 52 8.0
104 57 13.0
104 60 7.0
104 64 8.0
104 70 5.0
104 83 12.0
104 121 12.0
104 138 12.0
104 139 9.0
104 140 13.0
104 149 11.0
104 158 12.0
104 182 13.0
104 188 5.0
104 198 8.0
104 221 7.0
105 2 12.0
105 19 12.0
105 25 9.0
105 32 5.0
105 42 12.0
105 55 11.0
105 72 7.0
105 73 14.0
105 78 13.0
105 88 10.0
105 98 14.0
105 101 14.0
105 108 13.0
105 136 10.0
105 148 14.0
105 151 11.0
105 166 11.0
105 184 10.0
105 197 14.0
105 212 10.0
106 18 6.0
106 22 11.0
106 23 10.0
106 29 14.0
106 51 7.0
106 53 13.0
106 60 11.0
106 64 12.0
106 110 6.0
106 139 9.0
106 147 12.0
106 156 6.0
106 159 14.0
106 179 11.0
106 186 9.0
106 189 1.0
106 200 10.0
106 205 7.0
106 206 10.0
107 14 7.0
107 39 12.0
107 42 13.0
107 45 5.0
107 49 14.0
107 67 10.0
107 74 9.0
107 96 14.0
107 119 10.0
107 152 5.0
107 167 7.0
107 171 8.0
107 190 6.0
107 197 11.0
107 203 14.0
107 215 12.0
108 19 5.0
108 25 12.0
108 42 13.0
108 72 8.0
108 88 13.0
108 101 1.0
108 105 13.0
108 136 13.0
108 164 2.0
108 197 14.0
109 6 13.0
109 13 14.0
109 30 3.0
109 61 10.0
109 87 10.0
109 124 6.0
109 125 5.0
109 126 9.0
109 174 13.0
109 178 5.0
109 210 14.0
109 214 8.0
110 18 4.0
110 22 13.0
110 23 11.0
110 51 12.0
110 53 8.0
110 106 6.0
110 130 12.0
110 139 14.0
110 156 8.0
110 159 9.0
110 179 5.0
110 186 4.0
110 189 4.0
110 200 9.0
110 205 12.0
110 206 9.0
111 15 14.0
111 20 11.0
111 66 10.0
111 68 9.0
111 69 12.0
111 81 9.0
111 90 7.0
111 97 5.0
111 103 13.0
111 117 6.0
111 163 10.0
111 219 3.0
112 7 14.0
112 9 11.0
112 10 9.0
112 26 12.0
112 40 6.0
112 46 11.0
112 93 14.0
112 99 13.0
112 129 4.0
112 137 4.0
112 155 14.0
112 158 9.0
112 182 11.0
112 193 14.0
113 8 13.0
113 11 4.0
113 36 4.0
113 47 11.0
113 75 3.0
113 85 4.0
113 115 8.0
113 131 12.0
113 181 13.0
113 204 4.0
113 217 6.0
114 0 8.0
114 16 2.0
114 17 5.0
114 43 12.0
114 62 5.0
114 77 11.0
114 82 12.0
114 123 12.0
114 131 13.0
114 144 9.0
114 145 12.0
114 154 14.0
114 180 7.0
114 183 1.0
114 194 6.0
114 199 6.0
114 208 6.0
115 11 9.0
115 36 12.0
115 47 6.0
115 75 11.0
115 85 5.0
115 113 8.0
115 173 10.0
115 181 11.0
115 202 11.0
115 204 6.0
115 217 12.0
116 5 9.0
116 6 7.0
116 13 5.0
116 33 14.0
116 63 14.0
116 124 13.0
116 135 8.0
116 160 5.0
116 185 11.0
117 15 9.0
117 20 9.0
117 66 12.0
117 81 4.0
117 90 9.0
117 97 6.0
117 111 6.0
117 163 10.0
117 169 9.0
117 213 14.0
117 219 4.0
118 5 12.0
118 28 10.0
118 34 10.0
118 48 6.0
118 58 14.0
118 59 11.0
118 63 4.0
118 91 6.0
118 92 14.0
118 95 14.0
118 135 11.0
118 161 12.0
118 185 8.0
119 14 10.0
119 28 10.0
119 45 5.0
119 49 8.0
119 58 10.0
119 95 13.0
119 96 13.0
119 102 5.0
119 107 10.0
119 152 9.0
119 167 6.0
119 171 9.0
119 187 11.0
119 190 5.0
119 203 6.0
119 215 8.0
120 7 13.0
120 31 4.0
120 33 13.0
120 40 13.0
120 48 10.0
120 84 11.0
120 91 10.0
120 92 8.0
120 93 10.0
120 95 14.0
120 135 11.0
120 155 13.0
120 157 9.0
120 160 13.0
120 165 14.0
120 193 14.0
120 207 2.0
121 29 8.0
121 33 12.0
121 52 5.0
121 56 14.0
121 57 11.0
121 80 3.0
121 83 3.0
121 104 12.0
121 138 4.0
121 139 13.0
121 140 2.0
121 188 8.0
121 221 6.0
121 223 4.0
122 1 12.0
122 12 8.0
122 20 11.0
122 24 12.0
122 41 9.0
122 66 7.0
122 69 13.0
122 71 9.0
122 90 10.0
122 97 13.0
122 103 13.0
122 134 14.0
122 141 13.0
122 163 9.0
123 2 10.0
123 16 12.0
123 17 8.0
123 32 14.0
123 43 11.0
123 55 11.0
123 62 8.0
123 73 5.0
123 77 1.0
123 82 2.0
123 98 5.0
123 114 12.0
123 127 4.0
123 144 9.0
123 145 5.0
123 148 7.0
123 151 13.0
123 183 12.0
123 199 11.0
123 208 9.0
123 212 12.0
123 216 12.0
124 5 10.0
124 6 6.0
124 13 8.0
124 30 4.0
124 61 13.0
124 87 14.0
124 109 6.0
124 116 13.0
124 125 4.0
124 126 9.0
124 161 13.0
124 174 13.0
124 178 7.0
124 185 14.0
124 214 10.0
125 5 13.0
125 6 8.0
125 13 9.0
125 30 2.0
125 61 9.0
125 87 10.0
125 109 5.0
125 124 4.0
125 126 5.0
125 174 9.0
125 178 3.0
125 191 14.0
125 210 11.0
125 214 6.0
126 6 10.0
126 13 10.0
126 30 7.0
126 56 14.0
126 61 6.0
126 87 8.0
126 100 14.0
126 109 9.0
126 124 9.0
126 125 5.0
126 128 12.0
126 174 4.0
126 178 4.0
126 191 10.0
126 210 6.0
126 214 3.0
127 2 8.0
127 17 12.0
127 32 10.0
127 43 14.0
127 55 7.0
127 62 12.0
127 73 1.0
127 77 5.0
127 82 4.0
127 98 2.0
127 123 4.0
127 144 12.0
127 145 8.0
127 148 4.0
127 151 10.0
127 208 12.0
127 212 8.0
127 216 11.0
128 3 8.0
128 56 9.0
128 61 9.0
128 87 10.0
128 100 10.0
128 126 12.0
128 174 8.0
128 176 10.0
128 177 10.0
128 178 14.0
128 191 6.0
128 210 5.0
128 214 11.0
128 218 9.0
129 7 13.0
129 9 9.0
129 10 10.0
129 26 8.0
129 40 7.0
129 46 8.0
129 76 13.0
129 99 11.0
129 103 14.0
129 112 4.0
129 137 7.0
129 155 13.0
129 158 12.0
129 182 13.0
129 193 13.0
130 18 14.0
130 37 14.0
130 53 8.0
130 110 12.0
130 159 8.0
130 179 9.0
130 186 10.0
130 222 12.0
131 0 9.0
131 8 12.0
131 11 10.0
131 16 13.0
131 36 10.0
131 75 9.0
131 113 12.0
131 114 13.0
131 154 7.0
131 180 8.0
131 183 14.0
131 192 11.0
131 194 8.0
131 204 13.0
131 209 14.0
131 224 13.0
132 54 12.0
132 142 3.0
132 201 8.0
132 211 13.0
133 22 11.0
133 51 12.0
133 147 7.0
133 162 7.0
133 170 9.0
133 205 12.0
133 218 11.0
134 1 5.0
134 12 7.0
134 24 13.0
134 37 10.0
134 54 12.0
134 122 14.0
134 153 14.0
134 195 6.0
134 201 13.0
134 211 6.0
134 222 12.0
135 5 11.0
135 6 14.0
135 13 13.0
135 33 12.0
135 48 8.0
135 63 12.0
135 91 9.0
135 92 14.0
135 93 14.0
135 116 8.0
135 118 11.0
135 120 11.0
135 157 11.0
135 160 4.0
135 185 10.0
135 207 13.0
136 14 9.0
136 25 1.0
136 42 2.0
136 72 13.0
136 78 14.0
136 88 0.0
136 96 8.0
136 101 14.0
136 105 10.0
136 108 13.0
136 167 13.0
136 175 14.0
136 184 12.0
136 197 4.0
137 10 6.0
137 40 11.0
137 41 14.0
137 46 13.0
137 69 13.0
137 103 12.0
137 112 4.0
137 129 7.0
137 158 8.0
137 182 7.0
137 198 14.0
138 29 10.0
138 33 8.0
138 52 7.0
138 57 7.0
138 80 5.0
138 83 1.0
138 93 12.0
138 104 12.0
138 121 4.0
138 140 6.0
138 157 12.0
138 188 9.0
138 221 7.0
138 223 8.0
139 23 9.0
139 29 6.0
139 51 10.0
139 52 9.0
139 60 4.0
139 64 7.0
139 70 9.0
139 104 9.0
139 106 9.0
139 110 14.0
139 121 13.0
139 140 13.0
139 149 13.0
139 156 14.0
139 188 7.0
139 189 10.0
139 198 13.0
139 205 10.0
139 206 11.0
139 221 8.0
140 29 8.0
140 33 14.0
140 52 5.0
140 56 14.0
140 57 13.0
140 80 4.0
140 83 5.0
140 104 13.0
140 121 2.0
140 138 6.0
140 139 13.0
140 188 8.0
140 221 6.0
140 223 3.0
141 23 7.0
141 24 8.0
141 41 13.0
141 60 11.0
141 64 8.0
141 70 9.0
141 71 8.0
141 122 13.0
141 149 4.0
141 159 13.0
141 182 14.0
141 186 14.0
141 198 8.0
141 206 8.0
142 54 13.0
142 132 3.0
142 201 11.0
143 15 9.0
143 47 14.0
143 150 5.0
143 173 5.0
143 202 4.0
143 213 9.0
144 2 14.0
144 4 14.0
144 16 11.0
144 17 4.0
144 43 3.0
144 44 12.0
144 62 4.0
144 73 12.0
144 77 8.0
144 82 10.0
144 98 12.0
144 114 9.0
144 123 9.0
144 127 12.0
144 145 4.0
144 183 9.0
144 194 14.0
144 199 4.0
144 208 11.0
145 2 10.0
145 16 13.0
145 17 6.0
145 43 6.0
145 62 6.0
145 73 8.0
145 77 5.0
145 82 7.0
145 98 7.0
145 114 12.0
145 123 5.0
145 127 8.0
145 144 4.0
145 148 12.0
145 183 11.0
145 199 8.0
145 208 11.0
146 3 8.0
146 176 6.0
146 177 10.0
147 18 13.0
147 22 6.0
147 51 6.0
147 106 12.0
147 133 7.0
147 156 9.0
147 162 14.0
147 170 7.0
147 189 13.0
147 200 12.0
147 205 6.0
148 2 11.0
148 17 14.0
148 32 9.0
148 55 4.0
148 62 14.0
148 73 5.0
148 77 8.0
148 82 6.0
148 98 6.0
148 105 14.0
148 123 7.0
148 127 4.0
148 145 12.0
148 151 6.0
148 208 13.0
148 212 5.0
148 216 8.0
149 23 7.0
149 24 12.0
149 41 12.0
149 60 9.0
149 64 6.0
149 70 6.0
149 71 8.0
149 104 11.0
149 139 13.0
149 141 4.0
149 182 11.0
149 198 4.0
149 206 9.0
150 15 12.0
150 143 5.0
150 173 10.0
150 202 7.0
150 213 9.0
151 2 14.0
151 19 13.0
151 32 8.0
151 55 3.0
151 72 10.0
151 73 10.0
151 77 14.0
151 82 12.0
151 98 11.0
151 105 11.0
151 123 13.0
151 127 10.0
151 148 6.0
151 212 2.0
151 216 9.0
152 14 11.0
152 39 13.0
152 45 5.0
152 67 9.0
152 74 11.0
152 79 12.0
152 86 12.0
152 102 14.0
152 107 5.0
152 119 9.0
152 167 9.0
152 171 2.0
152 172 14.0
152 190 4.0
152 196 10.0
152 203 14.0
152 215 7.0
152 220 12.0
153 35 11.0
153 37 9.0
153 89 10.0
153 134 14.0
153 168 13.0
153 195 8.0
153 222 9.0
154 0 7.0
154 16 13.0
154 114 14.0
154 131 7.0
154 180 7.0
154 192 4.0
154 194 12.0
154 208 14.0
154 224 14.0
155 7 1.0
155 9 7.0
155 26 12.0
155 31 8.0
155 40 8.0
155 76 5.0
155 78 14.0
155 84 3.0
155 92 13.0
155 99 4.0
155 112 14.0
155 120 13.0
155 129 13.0
155 165 8.0
155 175 12.0
155 193 1.0
155 207 11.0
156 18 4.0
156 22 6.0
156 51 7.0
156 53 11.0
156 106 6.0
156 110 8.0
156 139 14.0
156 147 9.0
156 170 11.0
156 179 9.0
156 186 12.0
156 189 6.0
156 200 4.0
156 205 7.0
157 31 11.0
157 33 4.0
157 57 5.0
157 83 13.0
157 93 3.0
157 120 9.0
157 135 11.0
157 138 12.0
157 158 11.0
157 160 11.0
157 207 9.0
158 10 13.0
158 33 12.0
158 40 11.0
158 57 10.0
158 93 8.0
158 104 12.0
158 112 9.0
158 129 12.0
158 137 8.0
158 157 11.0
158 182 10.0
158 198 14.0
159 18 13.0
159 23 11.0
159 24 10.0
159 37 13.0
159 53 12.0
159 106 14.0
159 110 9.0
159 130 8.0
159 141 13.0
159 179 11.0
159 186 5.0
159 189 13.0
159 206 8.0
159 222 12.0
160 5 11.0
160 6 12.0
160 13 10.0
160 33 10.0
160 48 12.0
160 57 14.0
160 63 14.0
160 91 13.0
160 93 14.0
160 116 5.0
160 120 13.0
160 135 4.0
160 157 11.0
160 185 12.0
161 5 8.0
161 6 13.0
161 13 14.0
161 34 6.0
161 59 13.0
161 63 8.0
161 118 12.0
161 124 13.0
161 185 7.0
162 133 7.0
162 147 14.0
162 170 13.0
162 176 13.0
162 218 10.0
163 1 12.0
163 12 11.0
163 20 2.0
163 41 14.0
163 66 4.0
163 69 14.0
163 81 7.0
163 90 4.0
163 97 5.0
163 111 10.0
163 117 10.0
163 122 9.0
163 169 14.0
163 201 12.0
163 219 11.0
164 19 6.0
164 25 14.0
164 42 14.0
164 72 9.0
164 101 1.0
164 108 2.0
165 7 7.0
165 9 14.0
165 31 11.0
165 49 14.0
165 76 10.0
165 78 11.0
165 84 6.0
165 92 9.0
165 95 10.0
165 96 13.0
165 99 11.0
165 120 14.0
165 155 8.0
165 175 9.0
165 184 14.0
165 187 11.0
165 193 8.0
165 207 13.0
166 2 8.0
166 32 11.0
166 50 13.0
166 73 14.0
166 76 13.0
166 78 4.0
166 98 14.0
166 105 11.0
166 175 6.0
166 184 3.0
167 14 4.0
167 25 14.0
167 42 12.0
167 45 4.0
167 49 8.0
167 88 13.0
167 96 9.0
167 102 9.0
167 107 7.0
167 119 6.0
167 136 13.0
167 152 9.0
167 171 10.0
167 187 11.0
167 190 6.0
167 197 9.0
167 203 7.0
167 215 12.0
168 27 5.0
168 35 7.0
168 54 13.0
168 89 4.0
168 153 13.0
169 15 7.0
169 20 13.0
169 81 8.0
169 97 14.0
169 117 9.0
169 163 14.0
169 201 13.0
169 213 7.0
169 219 13.0
170 18 14.0
170 22 5.0
170 51 12.0
170 133 9.0
170 147 7.0
170 156 11.0
170 162 13.0
170 200 11.0
170 205 12.0
171 14 13.0
171 39 14.0
171 45 6.0
171 58 14.0
171 67 10.0
171 74 13.0
171 79 11.0
171 86 10.0
171 102 14.0
171 107 8.0
171 119 9.0
171 152 2.0
171 167 10.0
171 172 14.0
171 190 4.0
171 196 8.0
171 215 5.0
171 220 10.0
172 38 7.0
172 39 6.0
172 67 5.0
172 74 7.0
172 79 8.0
172 152 14.0
172 171 14.0
173 15 13.0
173 21 13.0
173 47 9.0
173 115 10.0
173 143 5.0
173 150 10.0
173 181 13.0
173 202 4.0
173 213 14.0
174 6 13.0
174 13 12.0
174 30 11.0
174 56 10.0
174 61 6.0
174 87 9.0
174 100 13.0
174 109 13.0
174 124 13.0
174 125 9.0
174 126 4.0
174 128 8.0
174 178 8.0
174 191 9.0
174 210 3.0
174 214 5.0
175 2 14.0
175 7 11.0
175 9 14.0
175 76 10.0
175 78 3.0
175 84 12.0
175 88 14.0
175 96 12.0
175 99 12.0
175 136 14.0
175 155 12.0
175 165 9.0
175 166 6.0
175 184 5.0
175 193 11.0
176 3 5.0
176 100 13.0
176 128 10.0
176 146 6.0
176 162 13.0
176 177 9.0
176 191 13.0
176 218 9.0
177 3 4.0
177 61 12.0
177 87 11.0
177 100 4.0
177 128 10.0
177 146 10.0
177 176 9.0
177 191 7.0
177 210 13.0
178 6 11.0
178 13 12.0
178 30 4.0
178 61 6.0
178 87 7.0
178 100 14.0
178 109 5.0
178 124 7.0
178 125 3.0
178 126 4.0
178 128 14.0
178 174 8.0
178 191 11.0
178 210 9.0
178 214 4.0
179 18 5.0
179 22 14.0
179 53 2.0
179 106 11.0
179 110 5.0
179 130 9.0
179 156 9.0
179 159 11.0
179 186 7.0
179 189 9.0
179 200 7.0
179 206 14.0
180 0 1.0
180 16 6.0
180 17 12.0
180 62 12.0
180 114 7.0
180 131 8.0
180 154 7.0
180 183 8.0
180 192 8.0
180 194 6.0
180 199 13.0
180 208 8.0
181 4 8.0
181 11 10.0
181 21 5.0
181 47 5.0
181 85 13.0
181 94 4.0
181 113 13.0
181 115 11.0
181 173 13.0
181 194 12.0
181 204 10.0
182 10 6.0
182 41 9.0
182 64 14.0
182 69 12.0
182 70 12.0
182 71 9.0
182 103 10.0
182 104 13.0
182 112 11.0
182 129 13.0
182 137 7.0
182 141 14.0
182 149 11.0
182 158 10.0
182 198 8.0
183 0 9.0
183 16 3.0
183 17 5.0
183 43 11.0
183 62 5.0
183 77 11.0
183 82 13.0
183 94 14.0
183 114 1.0
183 123 12.0
183 131 14.0
183 144 9.0
183 145 11.0
183 180 8.0
183 194 6.0
183 199 5.0
183 208 7.0
184 2 10.0
184 25 12.0
184 32 11.0
184 42 14.0
184 76 14.0
184 78 3.0
184 88 12.0
184 96 13.0
184 105 10.0
184 136 12.0
184 165 14.0
184 166 3.0
184 175 5.0
185 5 4.0
185 6 10.0
185 13 11.0
185 34 10.0
185 48 11.0
185 63 4.0
185 91 11.0
185 116 11.0
185 118 8.0
185 124 14.0
185 135 10.0
185 160 12.0
185 161 7.0
186 18 9.0
186 23 9.0
186 24 13.0
186 53 9.0
186 64 14.0
186 106 9.0
186 110 4.0
186 130 10.0
186 141 14.0
186 156 12.0
186 159 5.0
186 179 7.0
186 189 8.0
186 200 13.0
186 206 7.0
187 14 13.0
187 28 12.0
187 45 14.0
187 49 4.0
187 92 10.0
187 95 4.0
187 96 9.0
187 102 8.0
187 119 11.0
187 165 11.0
187 167 11.0
187 203 5.0
188 23 14.0
188 29 2.0
188 52 3.0
188 57 13.0
188 60 8.0
188 64 10.0
188 70 9.0
188 80 11.0
188 83 9.0
188 104 5.0
188 121 8.0
188 138 9.0
188 139 7.0
188 140 8.0
188 198 13.0
188 221 2.0
188 223 11.0
189 18 5.0
189 22 11.0
189 23 10.0
189 51 8.0
189 53 11.0
189 60 12.0
189 64 13.0
189 106 1.0
189 110 4.0
189 139 10.0
189 147 13.0
189 156 6.0
189 159 13.0
189 179 9.0
189 186 8.0
189 200 9.0
189 205 8.0
189 206 10.0
190 14 9.0
190 45 2.0
190 49 12.0
190 58 13.0
190 67 13.0
190 74 14.0
190 86 13.0
190 102 10.0
190 107 6.0
190 119 5.0
190 152 4.0
190 167 6.0
190 171 4.0
190 196 12.0
190 203 11.0
190 215 7.0
190 220 14.0
191 3 8.0
191 56 14.0
191 61 5.0
191 87 5.0
191 100 5.0
191 125 14.0
191 126 10.0
191 128 6.0
191 174 9.0
191 176 13.0
191 177 7.0
191 178 11.0
191 210 6.0
191 214 8.0
192 0 7.0
192 16 13.0
192 131 11.0
192 154 4.0
192 180 8.0
192 194 14.0
192 208 12.0
193 7 1.0
193 9 6.0
193 26 11.0
193 31 10.0
193 40 8.0
193 50 14.0
193 76 4.0
193 78 13.0
193 84 4.0
193 92 14.0
193 99 3.0
193 112 14.0
193 120 14.0
193 129 13.0
193 155 1.0
193 165 8.0
193 175 11.0
193 207 13.0
194 0 8.0
194 11 11.0
194 16 6.0
194 17 11.0
194 62 11.0
194 75 14.0
194 94 13.0
194 114 6.0
194 131 8.0
194 144 14.0
194 154 12.0
194 180 6.0
194 181 12.0
194 183 6.0
194 192 14.0
194 199 10.0
194 204 14.0
194 208 11.0
195 1 11.0
195 12 13.0
195 37 6.0
195 54 12.0
195 89 13.0
195 134 6.0
195 153 8.0
195 211 9.0
195 222 8.0
196 38 14.0
196 45 14.0
196 67 13.0
196 79 8.0
196 86 4.0
196 152 10.0
196 171 8.0
196 190 12.0
196 215 8.0
196 220 2.0
197 14 5.0
197 25 5.0
197 42 2.0
197 45 13.0
197 49 13.0
197 88 4.0
197 96 7.0
197 105 14.0
197 107 11.0
197 108 14.0
197 136 4.0
197 167 9.0
197 203 14.0
198 10 14.0
198 23 10.0
198 29 13.0
198 41 12.0
198 60 9.0
198 64 6.0
198 70 4.0
198 71 9.0
198 104 8.0
198 137 14.0
198 139 13.0
198 141 8.0
198 149 4.0
198 158 14.0
198 182 8.0
198 188 13.0
198 206 12.0
199 0 13.0
199 4 12.0
199 16 8.0
199 17 4.0
199 43 6.0
199 44 12.0
199 62 4.0
199 77 10.0
199 82 12.0
199 94 13.0
199 114 6.0
199 123 11.0
199 144 4.0
199 145 8.0
199 180 13.0
199 183 5.0
199 194 10.0
199 208 10.0
200 18 4.0
200 22 7.0
200 51 11.0
200 53 8.0
200 106 10.0
200 110 9.0
200 147 12.0
200 156 4.0
200 170 11.0
200 179 7.0
200 186 13.0
200 189 9.0
200 205 11.0
201 1 9.0
201 12 12.0
201 20 11.0
201 54 13.0
201 81 13.0
201 132 8.0
201 134 13.0
201 142 11.0
201 163 12.0
201 169 13.0
201 211 9.0
202 15 14.0
202 47 12.0
202 115 11.0
202 143 4.0
202 150 7.0
202 173 4.0
202 213 13.0
203 14 10.0
203 28 10.0
203 45 9.0
203 49 2.0
203 58 13.0
203 95 8.0
203 96 9.0
203 102 4.0
203 107 14.0
203 119 6.0
203 152 14.0
203 167 7.0
203 187 5.0
203 190 11.0
203 197 14.0
203 215 14.0
204 11 3.0
204 36 7.0
204 47 8.0
204 75 6.0
204 85 4.0
204 94 14.0
204 113 4.0
204 115 6.0
204 131 13.0
204 181 10.0
204 194 14.0
204 217 9.0
205 18 10.0
205 22 8.0
205 29 13.0
205 51 0.0
205 52 14.0
205 60 14.0
205 106 7.0
205 110 12.0
205 133 12.0
205 139 10.0
205 147 6.0
205 156 7.0
205 170 12.0
205 189 8.0
205 200 11.0
206 18 13.0
206 23 3.0
206 24 10.0
206 60 9.0
206 64 8.0
206 70 11.0
206 106 10.0
206 110 9.0
206 139 11.0
206 141 8.0
206 149 9.0
206 159 8.0
206 179 14.0
206 186 7.0
206 189 10.0
206 198 12.0
207 7 12.0
207 31 3.0
207 33 13.0
207 40 11.0
207 48 12.0
207 57 14.0
207 84 9.0
207 91 12.0
207 92 9.0
207 93 9.0
207 120 2.0
207 135 13.0
207 155 11.0
207 157 9.0
207 165 13.0
207 193 13.0
208 0 7.0
208 16 5.0
208 17 7.0
208 62 7.0
208 73 14.0
208 77 8.0
208 82 8.0
208 98 14.0
208 114 6.0
208 123 9.0
208 127 12.0
208 144 11.0
208 145 11.0
208 148 13.0
208 154 14.0
208 180 8.0
208 183 7.0
208 192 12.0
208 194 11.0
208 199 10.0
208 216 12.0
209 8 3.0
209 36 12.0
209 75 14.0
209 131 14.0
209 217 13.0
209 224 2.0
210 3 12.0
210 30 13.0
210 56 10.0
210 61 5.0
210 87 7.0
210 100 11.0
210 109 14.0
210 125 11.0
210 126 6.0
210 128 5.0
210 174 3.0
210 177 13.0
210 178 9.0
210 191 6.0
210 214 6.0
210 218 14.0
211 1 6.0
211 12 10.0
211 37 14.0
211 54 7.0
211 89 14.0
211 132 13.0
211 134 6.0
211 195 9.0
211 201 9.0
212 2 12.0
212 19 14.0
212 32 6.0
212 55 1.0
212 72 10.0
212 73 9.0
212 77 13.0
212 82 11.0
212 98 9.0
212 105 10.0
212 123 12.0
212 127 8.0
212 148 5.0
212 151 2.0
212 216 10.0
213 15 6.0
213 81 14.0
213 117 14.0
213 143 9.0
213 150 9.0
213 169 7.0
213 173 14.0
213 202 13.0
214 6 13.0
214 13 13.0
214 30 8.0
214 61 3.0
214 87 5.0
214 100 12.0
214 109 8.0
214 124 10.0
214 125 6.0
214 126 3.0
214 128 11.0
214 174 5.0
214 178 4.0
214 191 8.0
214 210 6.0
215 28 13.0
215 45 9.0
215 58 9.0
215 79 14.0
215 86 7.0
215 102 11.0
215 107 12.0
215 119 8.0
215 152 7.0
215 167 12.0
215 171 5.0
215 190 7.0
215 196 8.0
215 203 14.0
215 220 9.0
216 55 10.0
216 73 13.0
216 77 12.0
216 82 10.0
216 98 14.0
216 123 12.0
216 127 11.0
216 148 8.0
216 151 9.0
216 208 12.0
216 212 10.0
217 8 10.0
217 11 10.0
217 36 5.0
217 75 6.0
217 85 7.0
217 113 6.0
217 115 12.0
217 204 9.0
217 209 13.0
217 224 14.0
218 3 12.0
218 56 9.0
218 128 9.0
218 133 11.0
218 162 10.0
218 176 9.0
218 210 14.0
219 15 11.0
219 20 11.0
219 66 12.0
219 68 12.0
219 81 7.0
219 90 9.0
219 97 6.0
219 111 3.0
219 117 4.0
219 163 11.0
219 169 13.0
220 79 9.0
220 86 3.0
220 152 12.0
220 171 10.0
220 190 14.0
220 196 2.0
220 215 9.0
221 29 3.0
221 33 14.0
221 52 1.0
221 57 12.0
221 60 9.0
221 64 12.0
221 70 11.0
221 80 9.0
221 83 7.0
221 104 7.0
221 121 6.0
221 138 7.0
221 139 8.0
221 140 6.0
221 188 2.0
221 223 9.0
222 24 14.0
222 37 2.0
222 130 12.0
222 134 12.0
222 153 9.0
222 159 12.0
222 195 8.0
223 29 11.0
223 52 8.0
223 56 10.0
223 80 3.0
223 83 7.0
223 121 4.0
223 138 8.0
223 140 3.0
223 188 11.0
223 221 9.0
224 8 3.0
224 36 12.0
224 75 13.0
224 131 13.0
224 154 14.0
224 209 2.0
224 217 14.0
