1024
6960
0 38.0 81.0
1 26.0 1.0
2 2.0 10.0
3 38.0 32.0
4 24.0 100.0
5 5.0 22.0
6 89.0 8.0
7 53.0 88.0
8 74.0 25.0
9 23.0 91.0
10 22.0 64.0
11 61.0 54.0
12 98.0 6.0
13 43.0 41.0
14 54.0 74.0
15 53.0 64.0
16 67.0 62.0
17 61.0 71.0
18 27.0 62.0
19 91.0 19.0
20 95.0 81.0
21 37.0 37.0
22 19.0 20.0
23 65.0 55.0
24 56.0 34.0
25 19.0 93.0
26 39.0 37.0
27 75.0 81.0
28 44.0 71.0
29 95.0 21.0
30 16.0 44.0
31 94.0 95.0
32 58.0 14.0
33 71.0 64.0
34 41.0 57.0
35 22.0 25.0
36 49.0 77.0
37 74.0 56.0
38 58.0 14.0
39 37.0 78.0
40 73.0 59.0
41 24.0 84.0
42 2.0 97.0
43 4.0 92.0
44 42.0 0.0
45 12.0 59.0
46 48.0 21.0
47 100.0 10.0
48 47.0 3.0
49 1.0 62.0
50 13.0 22.0
51 59.0 37.0
52 20.0 45.0
53 19.0 92.0
54 17.0 55.0
55 54.0 35.0
56 45.0 43.0
57 14.0 49.0
58 6.0 22.0
59 60.0 75.0
60 22.0 46.0
61 97.0 2.0
62 80.0 55.0
63 71.0 57.0
64 85.0 63.0
65 86.0 48.0
66 96.0 45.0
67 73.0 50.0
68 82.0 54.0
69 23.0 55.0
70 27.0 90.0
71 80.0 27.0
72 91.0 45.0
73 53.0 36.0
74 93.0 87.0
75 88.0 96.0
76 34.0 36.0
77 44.0 14.0
78 16.0 17.0
79 19.0 39.0
80 97.0 24.0
81 24.0 62.0
82 39.0 76.0
83 41.0 29.0
84 87.0 46.0
85 49.0 23.0
86 23.0 63.0
87 1.0 76.0
88 66.0 29.0
89 23.0 66.0
90 22.0 20.0
91 97.0 19.0
92 51.0 99.0
93 51.0 18.0
94 79.0 90.0
95 74.0 74.0
96 74.0 66.0
97 75.0 67.0
98 10.0 43.0
99 38.0 0.0
100 38.0 21.0
101 42.0 54.0
102 62.0 74.0
103 100.0 41.0
104 3.0 86.0
105 90.0 73.0
106 61.0 83.0
107 5.0 60.0
108 6.0 8.0
109 63.0 62.0
110 88.0 81.0
111 18.0 78.0
112 90.0 98.0
113 82.0 56.0
114 54.0 92.0
115 46.0 65.0
116 87.0 47.0
117 39.0 12.0
118 51.0 47.0
119 43.0 68.0
120 97.0 68.0
121 86.0 59.0
122 2.0 78.0
123 18.0 64.0
124 50.0 57.0
125 38.0 14.0
126 57.0 57.0
127 36.0 67.0
128 36.0 59.0
129 16.0 65.0
130 76.0 61.0
131 95.0 35.0
132 53.0 90.0
133 92.0 22.0
134 14.0 33.0
135 7.0 55.0
136 5.0 57.0
137 16.0 85.0
138 11.0 76.0
139 29.0 3.0
140 32.0 52.0
141 37.0 76.0
142 17.0 10.0
143 3.0 96.0
144 89.0 43.0
145 51.0 28.0
146 39.0 72.0
147 22.0 100.0
148 71.0 78.0
149 26.0 48.0
150 79.0 33.0
151 18.0 52.0
152 70.0 51.0
153 97.0 77.0
154 86.0 75.0
155 43.0 5.0
156 14.0 35.0
157 45.0 26.0
158 67.0 38.0
159 89.0 13.0
160 0.0 60.0
161 64.0 49.0
162 2.0 44.0
163 63.0 15.0
164 59.0 80.0
165 16.0 99.0
166 83.0 50.0
167 22.0 77.0
168 80.0 86.0
169 19.0 65.0
170 58.0 81.0
171 30.0 5.0
172 95.0 33.0
173 2.0 85.0
174 46.0 65.0
175 91.0 44.0
176 9.0 5.0
177 50.0 99.0
178 71.0 45.0
179 64.0 14.0
180 16.0 21.0
181 90.0 58.0
182 17.0 60.0
183 79.0 63.0
184 37.0 70.0
185 23.0 41.0
186 3.0 14.0
187 97.0 21.0
188 78.0 26.0
189 82.0 13.0
190 33.0 73.0
191 88.0 96.0
192 84.0 65.0
193 76.0 38.0
194 80.0 55.0
195 21.0 48.0
196 42.0 10.0
197 60.0 37.0
198 81.0 16.0
199 85.0 27.0
200 66.0 52.0
201 17.0 46.0
202 88.0 38.0
203 92.0 54.0
204 49.0 43.0
205 71.0 18.0
206 74.0 65.0
207 26.0 94.0
208 86.0 50.0
209 51.0 66.0
210 94.0 60.0
211 39.0 51.0
212 86.0 4.0
213 72.0 55.0
214 74.0 70.0
215 11.0 66.0
216 35.0 12.0
217 11.0 83.0
218 37.0 16.0
219 26.0 16.0
220 85.0 89.0
221 95.0 6.0
222 22.0 53.0
223 21.0 38.0
224 57.0 37.0
225 23.0 95.0
226 45.0 72.0
227 23.0 26.0
228 12.0 90.0
229 87.0 43.0
230 3.0 23.0
231 78.0 77.0
232 16.0 74.0
233 72.0 47.0
234 25.0 94.0
235 27.0 81.0
236 89.0 84.0
237 53.0 41.0
238 21.0 73.0
239 94.0 83.0
240 38.0 58.0
241 2.0 47.0
242 80.0 72.0
243 91.0 61.0
244 1.0 92.0
245 84.0 73.0
246 20.0 1.0
247 46.0 1.0
248 53.0 49.0
249 14.0 92.0
250 94.0 4.0
251 12.0 60.0
252 47.0 42.0
253 85.0 43.0
254 100.0 14.0
255 27.0 48.0
256 5.0 95.0
257 5.0 76.0
258 47.0 77.0
259 12.0 66.0
260 68.0 10.0
261 89.0 16.0
262 86.0 52.0
263 36.0 93.0
264 70.0 99.0
265 3.0 10.0
266 98.0 98.0
267 90.0 5.0
268 14.0 62.0
269 67.0 99.0
270 96.0 91.0
271 42.0 49.0
272 36.0 12.0
273 34.0 18.0
274 97.0 35.0
275 67.0 38.0
276 6.0 74.0
277 28.0 14.0
278 54.0 74.0
279 77.0 19.0
280 96.0 27.0
281 97.0 48.0
282 67.0 1.0
283 89.0 30.0
284 18.0 53.0
285 20.0 12.0
286 6.0 22.0
287 12.0 56.0
288 99.0 5.0
289 68.0 63.0
290 14.0 44.0
291 39.0 51.0
292 61.0 32.0
293 7.0 91.0
294 81.0 64.0
295 67.0 75.0
296 17.0 94.0
297 4.0 41.0
298 4.0 92.0
299 100.0 69.0
300 95.0 77.0
301 59.0 58.0
302 58.0 49.0
303 89.0 76.0
304 67.0 85.0
305 87.0 54.0
306 72.0 93.0
307 24.0 66.0
308 27.0 57.0
309 13.0 81.0
310 68.0 88.0
311 76.0 29.0
312 53.0 59.0
313 62.0 69.0
314 99.0 14.0
315 59.0 47.0
316 49.0 27.0
317 52.0 90.0
318 13.0 68.0
319 64.0 59.0
320 58.0 74.0
321 19.0 10.0
322 15.0 34.0
323 73.0 74.0
324 64.0 81.0
325 45.0 78.0
326 16.0 90.0
327 61.0 97.0
328 60.0 41.0
329 58.0 51.0
330 75.0 99.0
331 45.0 85.0
332 36.0 16.0
333 16.0 43.0
334 85.0 96.0
335 46.0 33.0
336 98.0 37.0
337 14.0 74.0
338 61.0 70.0
339 50.0 55.0
340 46.0 56.0
341 68.0 24.0
342 16.0 8.0
343 10.0 32.0
344 58.0 13.0
345 56.0 48.0
346 53.0 29.0
347 7.0 23.0
348 67.0 2.0
349 32.0 86.0
350 96.0 56.0
351 69.0 58.0
352 14.0 35.0
353 41.0 83.0
354 32.0 81.0
355 24.0 72.0
356 33.0 35.0
357 87.0 3.0
358 59.0 26.0
359 12.0 49.0
360 84.0 18.0
361 57.0 0.0
362 46.0 14.0
363 10.0 74.0
364 46.0 38.0
365 85.0 81.0
366 41.0 90.0
367 26.0 12.0
368 45.0 1.0
369 7.0 73.0
370 10.0 60.0
371 78.0 82.0
372 63.0 84.0
373 57.0 80.0
374 75.0 53.0
375 53.0 66.0
376 64.0 6.0
377 88.0 92.0
378 75.0 1.0
379 16.0 97.0
380 27.0 36.0
381 29.0 81.0
382 96.0 95.0
383 25.0 98.0
384 82.0 43.0
385 10.0 96.0
386 18.0 87.0
387 52.0 73.0
388 76.0 14.0
389 8.0 48.0
390 89.0 18.0
391 32.0 77.0
392 20.0 0.0
393 10.0 31.0
394 15.0 99.0
395 82.0 2.0
396 98.0 71.0
397 83.0 41.0
398 36.0 88.0
399 67.0 75.0
400 36.0 74.0
401 6.0 72.0
402 24.0 19.0
403 1.0 33.0
404 60.0 42.0
405 99.0 12.0
406 13.0 94.0
407 6.0 45.0
408 98.0 90.0
409 50.0 67.0
410 59.0 43.0
411 85.0 75.0
412 88.0 98.0
413 42.0 65.0
414 86.0 89.0
415 59.0 14.0
416 21.0 62.0
417 11.0 58.0
418 71.0 9.0
419 86.0 33.0
420 19.0 73.0
421 96.0 92.0
422 55.0 54.0
423 62.0 23.0
424 13.0 43.0
425 65.0 17.0
426 14.0 67.0
427 73.0 27.0
428 1.0 99.0
429 19.0 72.0
430 97.0 39.0
431 41.0 86.0
432 77.0 11.0
433 18.0 51.0
434 31.0 53.0
435 87.0 45.0
436 71.0 10.0
437 79.0 51.0
438 56.0 38.0
439 9.0 99.0
440 35.0 47.0
441 25.0 36.0
442 15.0 18.0
443 42.0 75.0
444 74.0 58.0
445 15.0 84.0
446 39.0 30.0
447 45.0 65.0
448 2.0 58.0
449 51.0 9.0
450 90.0 53.0
451 39.0 78.0
452 67.0 91.0
453 64.0 52.0
454 50.0 57.0
455 97.0 66.0
456 83.0 76.0
457 23.0 96.0
458 72.0 78.0
459 33.0 37.0
460 60.0 53.0
461 4.0 48.0
462 32.0 73.0
463 74.0 60.0
464 21.0 10.0
465 31.0 96.0
466 48.0 14.0
467 98.0 43.0
468 41.0 41.0
469 64.0 36.0
470 52.0 19.0
471 60.0 17.0
472 60.0 78.0
473 10.0 100.0
474 33.0 28.0
475 60.0 63.0
476 39.0 81.0
477 55.0 74.0
478 89.0 82.0
479 13.0 78.0
480 73.0 87.0
481 77.0 63.0
482 50.0 62.0
483 25.0 42.0
484 75.0 64.0
485 64.0 24.0
486 68.0 74.0
487 91.0 64.0
488 96.0 94.0
489 53.0 16.0
490 81.0 25.0
491 63.0 87.0
492 46.0 2.0
493 70.0 6.0
494 95.0 90.0
495 58.0 99.0
496 27.0 9.0
497 28.0 35.0
498 45.0 85.0
499 2.0 83.0
500 99.0 46.0
501 24.0 52.0
502 35.0 94.0
503 28.0 84.0
504 34.0 93.0
505 24.0 39.0
506 49.0 8.0
507 76.0 98.0
508 35.0 14.0
509 49.0 8.0
510 1.0 81.0
511 73.0 89.0
512 23.0 89.0
513 91.0 47.0
514 62.0 5.0
515 71.0 14.0
516 10.0 92.0
517 8.0 21.0
518 77.0 67.0
519 80.0 91.0
520 25.0 44.0
521 6.0 74.0
522 63.0 29.0
523 35.0 46.0
524 59.0 44.0
525 85.0 87.0
526 51.0 56.0
527 71.0 32.0
528 33.0 71.0
529 9.0 81.0
530 15.0 71.0
531 91.0 92.0
532 19.0 87.0
533 40.0 78.0
534 94.0 28.0
535 68.0 26.0
536 60.0 1.0
537 30.0 51.0
538 10.0 12.0
539 1.0 67.0
540 78.0 78.0
541 76.0 30.0
542 32.0 18.0
543 23.0 83.0
544 53.0 75.0
545 64.0 44.0
546 39.0 74.0
547 35.0 70.0
548 19.0 74.0
549 78.0 18.0
550 77.0 3.0
551 94.0 82.0
552 19.0 22.0
553 34.0 57.0
554 33.0 28.0
555 7.0 34.0
556 94.0 97.0
557 68.0 77.0
558 45.0 86.0
559 88.0 58.0
560 16.0 79.0
561 98.0 69.0
562 35.0 95.0
563 95.0 9.0
564 86.0 69.0
565 24.0 19.0
566 37.0 88.0
567 40.0 47.0
568 49.0 5.0
569 48.0 98.0
570 42.0 8.0
571 39.0 32.0
572 9.0 59.0
573 23.0 3.0
574 4.0 32.0
575 70.0 35.0
576 34.0 21.0
577 56.0 32.0
578 63.0 69.0
579 24.0 21.0
580 93.0 93.0
581 46.0 90.0
582 73.0 45.0
583 77.0 72.0
584 67.0 57.0
585 5.0 82.0
586 65.0 67.0
587 34.0 62.0
588 7.0 87.0
589 5.0 47.0
590 63.0 41.0
591 1.0 88.0
592 60.0 24.0
593 65.0 4.0
594 34.0 83.0
595 98.0 26.0
596 63.0 31.0
597 35.0 53.0
598 56.0 30.0
599 22.0 71.0
600 84.0 85.0
601 71.0 37.0
602 11.0 65.0
603 4.0 66.0
604 65.0 98.0
605 3.0 43.0
606 61.0 2.0
607 43.0 48.0
608 78.0 55.0
609 27.0 23.0
610 51.0 90.0
611 4.0 49.0
612 34.0 14.0
613 85.0 49.0
614 38.0 41.0
615 96.0 35.0
616 63.0 7.0
617 14.0 37.0
618 62.0 87.0
619 89.0 76.0
620 82.0 42.0
621 65.0 94.0
622 1.0 16.0
623 29.0 81.0
624 21.0 96.0
625 41.0 93.0
626 58.0 57.0
627 54.0 27.0
628 57.0 32.0
629 94.0 67.0
630 92.0 94.0
631 27.0 82.0
632 89.0 96.0
633 80.0 70.0
634 94.0 47.0
635 32.0 95.0
636 41.0 81.0
637 70.0 61.0
638 41.0 37.0
639 10.0 97.0
640 4.0 52.0
641 53.0 7.0
642 21.0 28.0
643 21.0 51.0
644 19.0 66.0
645 91.0 95.0
646 75.0 21.0
647 62.0 25.0
648 74.0 45.0
649 7.0 20.0
650 15.0 21.0
651 78.0 94.0
652 93.0 81.0
653 15.0 82.0
654 28.0 31.0
655 42.0 86.0
656 95.0 76.0
657 28.0 93.0
658 34.0 24.0
659 4.0 30.0
660 83.0 47.0
661 96.0 2.0
662 6.0 93.0
663 18.0 67.0
664 88.0 55.0
665 59.0 80.0
666 40.0 1.0
667 100.0 40.0
668 60.0 33.0
669 33.0 10.0
670 38.0 66.0
671 91.0 69.0
672 100.0 21.0
673 46.0 90.0
674 53.0 56.0
675 13.0 77.0
676 66.0 40.0
677 91.0 44.0
678 88.0 77.0
679 44.0 20.0
680 5.0 54.0
681 87.0 84.0
682 75.0 78.0
683 51.0 47.0
684 74.0 4.0
685 35.0 83.0
686 56.0 22.0
687 67.0 87.0
688 79.0 23.0
689 23.0 45.0
690 41.0 71.0
691 87.0 26.0
692 30.0 55.0
693 31.0 90.0
694 36.0 2.0
695 22.0 53.0
696 81.0 33.0
697 14.0 72.0
698 40.0 48.0
699 38.0 55.0
700 33.0 3.0
701 73.0 15.0
702 70.0 29.0
703 77.0 3.0
704 89.0 97.0
705 64.0 37.0
706 61.0 20.0
707 28.0 71.0
708 2.0 77.0
709 67.0 79.0
710 45.0 64.0
711 82.0 59.0
712 60.0 14.0
713 40.0 73.0
714 12.0 40.0
715 23.0 24.0
716 82.0 84.0
717 36.0 14.0
718 99.0 29.0
719 11.0 38.0
720 42.0 71.0
721 28.0 22.0
722 69.0 50.0
723 63.0 24.0
724 26.0 30.0
725 99.0 97.0
726 70.0 49.0
727 48.0 51.0
728 98.0 42.0
729 84.0 15.0
730 90.0 75.0
731 49.0 69.0
732 27.0 60.0
733 59.0 23.0
734 42.0 66.0
735 45.0 28.0
736 99.0 32.0
737 30.0 10.0
738 55.0 26.0
739 36.0 12.0
740 26.0 56.0
741 62.0 83.0
742 44.0 84.0
743 8.0 83.0
744 15.0 96.0
745 40.0 64.0
746 87.0 46.0
747 88.0 6.0
748 62.0 56.0
749 73.0 84.0
750 47.0 92.0
751 74.0 6.0
752 84.0 12.0
753 65.0 62.0
754 89.0 71.0
755 20.0 86.0
756 7.0 31.0
757 21.0 61.0
758 8.0 9.0
759 4.0 94.0
760 74.0 33.0
761 61.0 81.0
762 54.0 25.0
763 20.0 29.0
764 33.0 79.0
765 62.0 37.0
766 15.0 10.0
767 70.0 9.0
768 23.0 84.0
769 49.0 11.0
770 7.0 36.0
771 52.0 58.0
772 74.0 90.0
773 5.0 87.0
774 78.0 79.0
775 57.0 78.0
776 79.0 50.0
777 72.0 9.0
778 14.0 90.0
779 32.0 12.0
780 16.0 12.0
781 61.0 30.0
782 22.0 35.0
783 62.0 12.0
784 9.0 94.0
785 97.0 14.0
786 16.0 94.0
787 98.0 69.0
788 78.0 94.0
789 58.0 35.0
790 27.0 90.0
791 8.0 79.0
792 9.0 78.0
793 3.0 86.0
794 37.0 86.0
795 42.0 36.0
796 28.0 37.0
797 71.0 63.0
798 68.0 79.0
799 46.0 85.0
800 90.0 11.0
801 18.0 21.0
802 19.0 56.0
803 42.0 78.0
804 87.0 10.0
805 21.0 2.0
806 1.0 23.0
807 86.0 12.0
808 61.0 95.0
809 47.0 76.0
810 26.0 4.0
811 52.0 37.0
812 63.0 83.0
813 95.0 57.0
814 52.0 63.0
815 9.0 72.0
816 85.0 6.0
817 38.0 76.0
818 76.0 17.0
819 97.0 71.0
820 82.0 22.0
821 29.0 29.0
822 51.0 26.0
823 6.0 7.0
824 36.0 67.0
825 48.0 33.0
826 42.0 85.0
827 22.0 87.0
828 44.0 98.0
829 10.0 43.0
830 68.0 60.0
831 97.0 7.0
832 25.0 56.0
833 47.0 40.0
834 83.0 25.0
835 46.0 4.0
836 76.0 63.0
837 47.0 67.0
838 96.0 8.0
839 86.0 80.0
840 34.0 12.0
841 12.0 85.0
842 41.0 55.0
843 71.0 93.0
844 12.0 40.0
845 57.0 82.0
846 32.0 49.0
847 87.0 36.0
848 14.0 71.0
849 72.0 37.0
850 73.0 71.0
851 100.0 63.0
852 63.0 76.0
853 20.0 46.0
854 10.0 68.0
855 89.0 25.0
856 86.0 95.0
857 36.0 48.0
858 44.0 76.0
859 2.0 20.0
860 30.0 7.0
861 53.0 3.0
862 30.0 8.0
863 97.0 83.0
864 20.0 45.0
865 73.0 30.0
866 52.0 9.0
867 90.0 60.0
868 87.0 96.0
869 51.0 87.0
870 35.0 41.0
871 99.0 40.0
872 4.0 36.0
873 74.0 55.0
874 28.0 31.0
875 52.0 49.0
876 20.0 76.0
877 40.0 73.0
878 91.0 24.0
879 21.0 29.0
880 92.0 36.0
881 67.0 17.0
882 51.0 3.0
883 81.0 37.0
884 36.0 63.0
885 6.0 26.0
886 13.0 75.0
887 8.0 65.0
888 55.0 56.0
889 18.0 24.0
890 48.0 29.0
891 70.0 48.0
892 19.0 80.0
893 40.0 88.0
894 88.0 30.0
895 81.0 18.0
896 96.0 70.0
897 75.0 55.0
898 6.0 90.0
899 5.0 13.0
900 66.0 51.0
901 43.0 72.0
902 51.0 29.0
903 37.0 57.0
904 71.0 40.0
905 9.0 39.0
906 73.0 35.0
907 15.0 76.0
908 64.0 2.0
909 58.0 90.0
910 59.0 69.0
911 12.0 92.0
912 81.0 65.0
913 92.0 8.0
914 64.0 76.0
915 28.0 42.0
916 46.0 31.0
917 64.0 85.0
918 7.0 0.0
919 86.0 83.0
920 67.0 29.0
921 72.0 63.0
922 59.0 27.0
923 81.0 5.0
924 97.0 95.0
925 90.0 7.0
926 57.0 80.0
927 65.0 50.0
928 69.0 86.0
929 89.0 20.0
930 13.0 55.0
931 37.0 6.0
932 27.0 54.0
933 95.0 81.0
934 0.0 72.0
935 93.0 42.0
936 99.0 34.0
937 79.0 70.0
938 41.0 75.0
939 52.0 79.0
940 2.0 34.0
941 67.0 24.0
942 27.0 8.0
943 43.0 24.0
944 70.0 25.0
945 30.0 13.0
946 37.0 51.0
947 53.0 26.0
948 40.0 58.0
949 89.0 59.0
950 47.0 88.0
951 39.0 7.0
952 40.0 74.0
953 26.0 11.0
954 49.0 49.0
955 70.0 82.0
956 62.0 82.0
957 21.0 70.0
958 1.0 47.0
959 57.0 95.0
960 19.0 98.0
961 26.0 13.0
962 97.0 89.0
963 69.0 3.0
964 15.0 5.0
965 53.0 58.0
966 26.0 55.0
967 59.0 95.0
968 80.0 48.0
969 50.0 97.0
970 50.0 51.0
971 43.0 46.0
972 42.0 88.0
973 74.0 39.0
974 22.0 94.0
975 3.0 20.0
976 43.0 80.0
977 98.0 91.0
978 35.0 84.0
979 11.0 79.0
980 29.0 39.0
981 7.0 38.0
982 60.0 62.0
983 89.0 66.0
984 56.0 18.0
985 63.0 6.0
986 17.0 67.0
987 66.0 72.0
988 97.0 11.0
989 60.0 30.0
990 96.0 46.0
991 77.0 90.0
992 50.0 52.0
993 85.0 44.0
994 5.0 65.0
995 30.0 27.0
996 73.0 69.0
997 55.0 79.0
998 30.0 35.0
999 39.0 41.0
1000 99.0 30.0
1001 7.0 26.0
1002 25.0 51.0
1003 72.0 85.0
1004 5.0 65.0
1005 59.0 14.0
1006 63.0 2.0
1007 97.0 13.0
1008 43.0 83.0
1009 59.0 90.0
1010 27.0 14.0
1011 13.0 68.0
1012 54.0 82.0
1013 95.0 14.0
1014 10.0 12.0
1015 80.0 44.0
1016 19.0 48.0
1017 45.0 11.0
1018 61.0 31.0
1019 9.0 8.0
1020 29.0 90.0
1021 66.0 26.0
1022 99.0 10.0
1023 70.0 25.0
0 39 3.0
0 353 4.0
0 451 3.0
0 476 1.0
0 533 4.0
0 594 4.0
0 636 3.0
0 685 4.0
0 978 4.0
1 139 4.0
1 573 4.0
1 810 3.0
2 108 4.0
2 186 4.0
2 265 1.0
2 899 4.0
3 83 4.0
3 446 2.0
3 571 1.0
4 147 2.0
4 383 2.0
4 457 4.0
5 58 1.0
5 230 2.0
5 286 1.0
5 347 2.0
5 517 3.0
5 649 3.0
5 806 4.0
5 859 4.0
5 885 4.0
5 975 3.0
5 1001 4.0
6 267 3.0
6 747 2.0
6 800 3.0
6 804 3.0
6 816 4.0
6 913 3.0
6 925 1.0
7 114 4.0
7 132 2.0
7 317 2.0
7 610 3.0
7 869 2.0
8 188 4.0
8 311 4.0
8 427 2.0
8 646 4.0
8 944 4.0
8 1023 4.0
9 25 4.0
9 53 4.0
9 70 4.0
9 207 4.0
9 225 4.0
9 234 4.0
9 512 2.0
9 790 4.0
9 827 4.0
9 974 3.0
10 81 3.0
10 86 1.0
10 89 2.0
10 123 4.0
10 169 3.0
10 307 3.0
10 416 2.0
10 644 4.0
10 757 3.0
11 23 4.0
11 301 4.0
11 329 4.0
11 453 4.0
11 460 1.0
11 626 4.0
11 748 2.0
12 47 4.0
12 61 4.0
12 221 3.0
12 250 4.0
12 288 1.0
12 563 4.0
12 661 4.0
12 831 1.0
12 838 3.0
12 1022 4.0
13 56 3.0
13 252 4.0
13 364 4.0
13 468 2.0
13 638 4.0
13 833 4.0
13 999 4.0
14 278 0.0
14 320 4.0
14 387 2.0
14 477 1.0
14 544 1.0
15 209 3.0
15 375 2.0
15 409 4.0
15 482 4.0
15 814 1.0
16 33 4.0
16 109 4.0
16 289 1.0
16 319 4.0
16 351 4.0
16 637 3.0
16 753 2.0
16 797 4.0
16 830 2.0
17 59 4.0
17 102 3.0
17 313 2.0
17 320 4.0
17 338 1.0
17 578 3.0
17 910 3.0
18 81 3.0
18 86 4.0
18 732 2.0
19 29 4.0
19 133 3.0
19 261 4.0
19 390 2.0
19 929 2.0
20 153 4.0
20 239 2.0
20 300 4.0
20 551 1.0
20 652 2.0
20 863 3.0
20 933 0.0
21 26 2.0
21 76 3.0
21 356 4.0
21 459 4.0
21 614 4.0
21 638 4.0
21 870 4.0
21 999 4.0
22 78 4.0
22 90 3.0
22 180 3.0
22 442 4.0
22 552 2.0
22 650 4.0
22 801 1.0
22 889 4.0
23 11 4.0
23 200 3.0
23 319 4.0
23 453 3.0
23 584 3.0
23 748 3.0
23 900 4.0
24 51 4.0
24 55 2.0
24 73 4.0
24 224 3.0
24 438 4.0
24 577 2.0
24 598 4.0
24 628 2.0
24 668 4.0
24 789 2.0
25 9 4.0
25 53 1.0
25 225 4.0
25 296 2.0
25 326 4.0
25 624 4.0
25 786 3.0
25 974 3.0
26 21 2.0
26 468 4.0
26 614 4.0
26 638 2.0
26 795 3.0
26 999 4.0
27 371 3.0
27 458 4.0
27 540 4.0
27 682 3.0
27 749 4.0
27 774 4.0
28 119 3.0
28 226 1.0
28 443 4.0
28 690 3.0
28 713 4.0
28 720 2.0
28 877 4.0
28 901 1.0
29 19 4.0
29 80 4.0
29 91 3.0
29 133 3.0
29 187 2.0
30 52 4.0
30 201 2.0
30 290 2.0
30 333 1.0
30 424 3.0
30 853 4.0
30 864 4.0
31 270 4.0
31 382 2.0
31 421 4.0
31 488 2.0
31 531 4.0
31 556 2.0
31 580 2.0
31 630 2.0
31 645 3.0
31 924 3.0
32 38 0.0
32 344 1.0
32 415 1.0
32 471 4.0
32 712 2.0
32 783 4.0
32 984 4.0
32 1005 1.0
33 16 4.0
33 96 4.0
33 206 3.0
33 289 3.0
33 484 4.0
33 637 3.0
33 797 1.0
33 921 1.0
34 101 3.0
34 240 3.0
34 699 4.0
34 842 2.0
34 903 4.0
34 948 1.0
35 227 1.0
35 552 4.0
35 579 4.0
35 642 3.0
35 715 1.0
35 763 4.0
35 879 4.0
35 889 4.0
36 258 2.0
36 325 4.0
36 544 4.0
36 809 2.0
36 939 4.0
37 40 3.0
37 63 3.0
37 213 2.0
37 374 3.0
37 444 2.0
37 463 4.0
37 608 4.0
37 873 1.0
37 897 1.0
38 32 0.0
38 344 1.0
38 415 1.0
38 471 4.0
38 712 2.0
38 783 4.0
38 984 4.0
38 1005 1.0
39 0 3.0
39 82 3.0
39 141 2.0
39 400 4.0
39 451 2.0
39 476 4.0
39 533 3.0
39 546 4.0
39 764 4.0
39 817 2.0
40 37 3.0
40 63 3.0
40 130 4.0
40 213 4.0
40 351 4.0
40 444 1.0
40 463 1.0
40 637 4.0
40 797 4.0
40 873 4.0
40 897 4.0
40 921 4.0
41 235 4.0
41 503 4.0
41 543 1.0
41 631 4.0
41 755 4.0
41 768 1.0
41 827 4.0
42 143 1.0
42 256 4.0
42 428 2.0
42 759 4.0
43 143 4.0
43 244 3.0
43 256 3.0
43 293 3.0
43 298 0.0
43 662 2.0
43 759 2.0
43 898 3.0
44 99 4.0
44 247 4.0
44 368 3.0
44 492 4.0
44 666 2.0
45 251 1.0
45 268 4.0
45 287 3.0
45 370 2.0
45 417 1.0
45 572 3.0
45 930 4.0
46 85 2.0
46 93 4.0
46 470 4.0
46 679 4.0
47 12 4.0
47 254 4.0
47 314 4.0
47 405 2.0
47 831 4.0
47 838 4.0
47 988 3.0
47 1007 4.0
47 1022 1.0
48 155 4.0
48 247 2.0
48 368 3.0
48 492 1.0
48 568 3.0
48 835 1.0
48 882 4.0
49 107 4.0
49 160 2.0
49 448 4.0
50 180 3.0
50 442 4.0
50 650 2.0
51 24 4.0
51 197 1.0
51 224 2.0
51 328 4.0
51 438 3.0
51 668 4.0
51 765 3.0
51 789 2.0
52 30 4.0
52 60 2.0
52 195 3.0
52 201 3.0
52 333 4.0
52 689 3.0
52 853 1.0
52 864 0.0
52 1016 3.0
53 9 4.0
53 25 1.0
53 296 3.0
53 326 4.0
53 624 4.0
53 786 4.0
53 974 4.0
54 151 3.0
54 284 2.0
54 433 4.0
54 802 2.0
54 930 4.0
55 24 2.0
55 73 1.0
55 224 4.0
55 438 4.0
55 577 4.0
55 628 4.0
55 789 4.0
55 811 3.0
56 13 3.0
56 204 4.0
56 252 2.0
56 468 4.0
56 833 4.0
56 971 4.0
57 201 4.0
57 359 2.0
57 433 4.0
58 5 1.0
58 230 3.0
58 286 0.0
58 347 1.0
58 517 2.0
58 649 2.0
58 859 4.0
58 885 4.0
58 975 4.0
58 1001 4.0
59 17 4.0
59 102 2.0
59 320 2.0
59 472 3.0
59 775 4.0
59 852 3.0
59 914 4.0
60 52 2.0
60 149 4.0
60 195 2.0
60 520 4.0
60 689 1.0
60 853 2.0
60 864 2.0
60 1016 4.0
61 12 4.0
61 221 4.0
61 250 4.0
61 288 4.0
61 661 1.0
62 68 2.0
62 113 2.0
62 194 0.0
62 437 4.0
62 608 2.0
62 711 4.0
63 37 3.0
63 40 3.0
63 213 2.0
63 351 2.0
63 444 3.0
63 463 4.0
63 584 4.0
63 637 4.0
63 830 4.0
63 873 4.0
63 897 4.0
64 121 4.0
64 192 2.0
64 294 4.0
64 912 4.0
65 84 2.0
65 116 1.0
65 166 4.0
65 208 2.0
65 262 4.0
65 435 3.0
65 613 1.0
65 660 3.0
65 746 2.0
65 993 4.0
66 281 3.0
66 467 3.0
66 500 3.0
66 634 3.0
66 728 4.0
66 935 4.0
66 990 1.0
67 152 3.0
67 233 3.0
67 374 4.0
67 722 4.0
67 726 3.0
67 891 4.0
68 62 2.0
68 113 2.0
68 166 4.0
68 194 2.0
68 262 4.0
68 437 4.0
68 608 4.0
69 222 2.0
69 308 4.0
69 501 3.0
69 643 4.0
69 695 2.0
69 740 3.0
69 802 4.0
69 832 2.0
69 932 4.0
69 966 3.0
69 1002 4.0
70 9 4.0
70 207 4.0
70 234 4.0
70 512 4.0
70 657 3.0
70 693 4.0
70 790 0.0
70 1020 2.0
71 188 2.0
71 311 4.0
71 490 2.0
71 688 4.0
71 834 4.0
72 84 4.0
72 116 4.0
72 144 3.0
72 175 1.0
72 229 4.0
72 435 4.0
72 513 2.0
72 634 4.0
72 677 1.0
72 746 4.0
72 935 4.0
73 24 4.0
73 55 1.0
73 224 4.0
73 438 4.0
73 811 1.0
74 239 4.0
74 494 4.0
74 962 4.0
75 112 3.0
75 191 0.0
75 334 3.0
75 377 4.0
75 412 2.0
75 630 4.0
75 632 1.0
75 645 3.0
75 704 1.0
75 856 2.0
75 868 1.0
76 21 3.0
76 356 1.0
76 459 1.0
76 998 4.0
77 196 4.0
77 362 2.0
77 466 4.0
77 1017 3.0
78 22 4.0
78 180 4.0
78 442 1.0
78 650 4.0
78 801 4.0
79 185 4.0
79 223 2.0
80 29 4.0
80 187 3.0
80 280 3.0
80 595 2.0
80 672 4.0
81 10 3.0
81 18 3.0
81 86 1.0
81 89 4.0
81 307 4.0
81 416 3.0
81 732 4.0
81 757 3.0
82 39 3.0
82 141 2.0
82 146 4.0
82 400 4.0
82 443 3.0
82 451 2.0
82 533 2.0
82 546 2.0
82 713 3.0
82 803 4.0
82 817 1.0
82 877 3.0
82 938 2.0
82 952 2.0
83 3 4.0
83 446 2.0
83 571 4.0
83 735 4.0
84 65 2.0
84 72 4.0
84 116 1.0
84 144 4.0
84 175 4.0
84 208 4.0
84 229 3.0
84 253 4.0
84 435 1.0
84 513 4.0
84 613 4.0
84 660 4.0
84 677 4.0
84 746 0.0
84 993 3.0
85 46 2.0
85 316 4.0
85 822 4.0
86 10 1.0
86 18 4.0
86 81 1.0
86 89 3.0
86 169 4.0
86 307 3.0
86 416 2.0
86 757 3.0
87 122 2.0
87 257 4.0
87 708 1.0
87 934 4.0
88 522 3.0
88 535 4.0
88 596 4.0
88 702 4.0
88 920 1.0
88 1021 3.0
89 10 2.0
89 81 4.0
89 86 3.0
89 169 4.0
89 307 1.0
89 416 4.0
89 644 4.0
89 957 4.0
90 22 3.0
90 402 2.0
90 552 4.0
90 565 2.0
90 579 2.0
90 715 4.0
90 801 4.0
91 29 3.0
91 187 2.0
91 672 4.0
92 177 1.0
92 569 3.0
92 969 2.0
93 46 4.0
93 470 1.0
93 489 3.0
94 168 4.0
94 519 1.0
94 651 4.0
94 788 4.0
94 991 2.0
95 214 4.0
95 323 1.0
95 458 4.0
95 583 4.0
95 682 4.0
95 850 3.0
96 33 4.0
96 97 1.0
96 206 1.0
96 214 4.0
96 481 4.0
96 484 2.0
96 518 3.0
96 797 4.0
96 836 4.0
96 921 4.0
96 996 3.0
97 96 1.0
97 206 2.0
97 214 3.0
97 481 4.0
97 484 3.0
97 518 2.0
97 836 4.0
97 850 4.0
97 996 3.0
98 290 4.0
98 407 4.0
98 424 3.0
98 714 4.0
98 829 0.0
98 844 4.0
98 905 4.0
99 44 4.0
99 666 2.0
99 694 3.0
100 576 4.0
101 34 3.0
101 211 4.0
101 291 4.0
101 340 4.0
101 699 4.0
101 842 1.0
101 948 4.0
102 17 3.0
102 59 2.0
102 320 4.0
102 338 4.0
102 472 4.0
102 852 2.0
102 914 3.0
102 987 4.0
103 336 4.0
103 430 4.0
103 467 3.0
103 667 1.0
103 728 2.0
103 871 1.0
104 173 1.0
104 499 3.0
104 585 4.0
104 588 4.0
104 591 3.0
104 773 2.0
104 793 0.0
105 154 4.0
105 303 3.0
105 619 3.0
105 671 4.0
105 678 4.0
105 730 2.0
105 754 2.0
106 164 4.0
106 170 4.0
106 324 4.0
106 372 2.0
106 491 4.0
106 618 4.0
106 665 4.0
106 741 1.0
106 761 2.0
106 812 2.0
106 845 4.0
106 917 4.0
106 956 1.0
107 49 4.0
107 136 3.0
107 448 4.0
107 572 4.0
108 2 4.0
108 176 4.0
108 265 4.0
108 758 2.0
108 823 1.0
108 1019 3.0
109 16 4.0
109 319 3.0
109 475 3.0
109 753 2.0
109 982 3.0
110 236 3.0
110 365 3.0
110 478 1.0
110 678 4.0
110 681 3.0
110 839 2.0
110 919 3.0
111 167 4.0
111 232 4.0
111 548 4.0
111 560 2.0
111 876 3.0
111 892 2.0
111 907 4.0
112 75 3.0
112 191 3.0
112 412 2.0
112 556 4.0
112 630 4.0
112 632 2.0
112 645 3.0
112 704 1.0
112 868 4.0
113 62 2.0
113 68 2.0
113 194 2.0
113 608 4.0
113 711 3.0
114 7 4.0
114 132 2.0
114 317 3.0
114 610 4.0
114 909 4.0
114 959 4.0
115 119 4.0
115 174 0.0
115 409 4.0
115 413 4.0
115 447 1.0
115 710 1.0
115 734 4.0
115 837 2.0
116 65 1.0
116 72 4.0
116 84 1.0
116 144 4.0
116 208 3.0
116 229 4.0
116 253 4.0
116 435 2.0
116 513 4.0
116 613 3.0
116 660 4.0
116 746 1.0
116 993 4.0
117 125 2.0
117 196 4.0
117 216 4.0
117 218 4.0
117 272 3.0
117 508 4.0
117 717 4.0
117 739 3.0
118 204 4.0
118 248 3.0
118 683 0.0
118 875 2.0
118 954 3.0
118 970 4.0
119 28 3.0
119 115 4.0
119 174 4.0
119 226 4.0
119 413 3.0
119 447 4.0
119 690 4.0
119 710 4.0
119 720 3.0
119 734 2.0
119 837 4.0
119 901 4.0
120 299 3.0
120 396 3.0
120 455 2.0
120 561 1.0
120 629 3.0
120 787 1.0
120 819 3.0
120 896 2.0
121 64 4.0
121 181 4.0
121 559 2.0
121 664 4.0
121 711 4.0
121 867 4.0
121 949 3.0
122 87 2.0
122 257 4.0
122 510 3.0
122 708 1.0
123 10 4.0
123 129 2.0
123 169 1.0
123 182 4.0
123 268 4.0
123 416 4.0
123 644 2.0
123 663 3.0
123 757 4.0
123 986 3.0
124 312 4.0
124 339 2.0
124 340 4.0
124 454 0.0
124 526 1.0
124 674 3.0
124 771 2.0
124 965 3.0
125 117 2.0
125 216 4.0
125 218 2.0
125 272 3.0
125 332 3.0
125 508 3.0
125 612 4.0
125 717 2.0
125 739 3.0
125 840 4.0
126 301 2.0
126 312 4.0
126 422 4.0
126 626 1.0
126 674 4.0
126 888 2.0
126 965 4.0
127 184 3.0
127 547 3.0
127 670 2.0
127 824 0.0
127 884 4.0
128 240 2.0
128 553 3.0
128 587 4.0
128 699 4.0
128 884 4.0
128 903 2.0
128 948 4.0
129 123 2.0
129 169 3.0
129 259 4.0
129 268 4.0
129 318 4.0
129 426 3.0
129 644 3.0
129 663 3.0
129 986 2.0
129 1011 4.0
130 40 4.0
130 183 4.0
130 206 4.0
130 444 4.0
130 463 2.0
130 481 2.0
130 484 3.0
130 836 2.0
130 921 4.0
131 172 2.0
131 274 2.0
131 336 4.0
131 430 4.0
131 615 1.0
131 880 3.0
131 936 4.0
132 7 2.0
132 114 2.0
132 317 1.0
132 610 2.0
132 869 4.0
133 19 3.0
133 29 3.0
133 855 4.0
133 878 2.0
133 929 4.0
134 156 2.0
134 322 1.0
134 343 4.0
134 352 2.0
134 393 4.0
134 617 4.0
135 136 3.0
135 572 4.0
135 640 4.0
135 680 2.0
136 107 3.0
136 135 3.0
136 448 3.0
136 572 4.0
136 680 3.0
137 386 3.0
137 445 1.0
137 532 4.0
137 653 3.0
137 755 4.0
137 841 4.0
138 337 4.0
138 363 2.0
138 479 3.0
138 675 2.0
138 791 4.0
138 792 3.0
138 815 4.0
138 886 2.0
138 907 4.0
138 979 3.0
139 1 4.0
139 171 2.0
139 700 4.0
139 810 3.0
139 860 4.0
140 434 1.0
140 537 2.0
140 597 3.0
140 692 4.0
140 846 3.0
141 39 2.0
141 82 2.0
141 146 4.0
141 400 2.0
141 451 3.0
141 533 4.0
141 546 3.0
141 713 4.0
141 817 1.0
141 877 4.0
141 938 4.0
141 952 4.0
142 285 4.0
142 321 2.0
142 342 2.0
142 464 4.0
142 766 2.0
142 780 2.0
143 42 1.0
143 43 4.0
143 244 4.0
143 256 2.0
143 298 4.0
143 428 4.0
143 662 4.0
143 759 2.0
144 72 3.0
144 84 4.0
144 116 4.0
144 175 2.0
144 229 2.0
144 253 4.0
144 435 3.0
144 513 4.0
144 677 2.0
144 746 4.0
144 935 4.0
144 993 4.0
145 316 2.0
145 346 2.0
145 627 3.0
145 738 4.0
145 762 4.0
145 822 2.0
145 890 3.0
145 902 1.0
145 947 3.0
146 82 4.0
146 141 4.0
146 184 3.0
146 400 4.0
146 443 4.0
146 546 2.0
146 547 4.0
146 690 2.0
146 713 1.0
146 720 3.0
146 817 4.0
146 877 1.0
146 901 4.0
146 938 4.0
146 952 2.0
147 4 2.0
147 383 4.0
147 457 4.0
147 624 4.0
147 960 4.0
148 323 4.0
148 458 1.0
148 557 3.0
148 682 4.0
148 709 4.0
148 798 3.0
148 955 4.0
149 60 4.0
149 255 1.0
149 501 4.0
149 520 4.0
149 689 4.0
149 1002 3.0
150 541 4.0
150 696 2.0
150 883 4.0
151 54 3.0
151 222 4.0
151 284 1.0
151 433 1.0
151 643 3.0
151 695 4.0
151 802 4.0
151 1016 4.0
152 67 3.0
152 200 4.0
152 213 4.0
152 233 4.0
152 722 1.0
152 726 2.0
152 891 3.0
152 900 4.0
153 20 4.0
153 300 2.0
153 656 2.0
153 933 4.0
154 105 4.0
154 245 3.0
154 303 3.0
154 411 1.0
154 456 3.0
154 619 3.0
154 678 3.0
154 730 4.0
155 48 4.0
155 368 4.0
155 492 4.0
155 570 3.0
155 835 3.0
155 951 4.0
156 134 2.0
156 322 1.0
156 352 0.0
156 617 2.0
156 719 4.0
157 316 4.0
157 735 2.0
157 890 4.0
157 943 3.0
158 275 0.0
158 469 4.0
158 575 4.0
158 601 4.0
158 676 2.0
158 705 3.0
158 904 4.0
159 261 3.0
159 800 2.0
159 804 4.0
159 807 3.0
160 49 2.0
160 448 3.0
161 200 4.0
161 453 3.0
161 900 3.0
161 927 1.0
162 241 3.0
162 297 4.0
162 407 4.0
162 461 4.0
162 589 4.0
162 605 1.0
162 958 3.0
163 179 1.0
163 415 4.0
163 425 3.0
163 471 4.0
163 712 3.0
163 783 3.0
163 881 4.0
163 1005 4.0
164 106 4.0
164 170 1.0
164 373 2.0
164 472 2.0
164 665 0.0
164 741 4.0
164 761 2.0
164 775 3.0
164 845 3.0
164 926 2.0
164 956 4.0
164 997 4.0
165 379 2.0
165 394 1.0
165 744 3.0
165 960 3.0
166 65 4.0
166 68 4.0
166 208 3.0
166 262 4.0
166 437 4.0
166 613 2.0
166 660 3.0
166 776 4.0
166 968 4.0
167 111 4.0
167 238 4.0
167 548 4.0
167 876 2.0
167 892 4.0
168 94 4.0
168 371 4.0
168 600 4.0
168 716 3.0
169 10 3.0
169 86 4.0
169 89 4.0
169 123 1.0
169 129 3.0
169 416 4.0
169 644 1.0
169 663 2.0
169 757 4.0
169 986 3.0
170 106 4.0
170 164 1.0
170 373 1.0
170 472 4.0
170 665 1.0
170 741 4.0
170 761 3.0
170 775 3.0
170 845 1.0
170 926 1.0
170 956 4.0
170 997 4.0
170 1012 4.0
171 139 2.0
171 700 4.0
171 810 4.0
171 860 2.0
171 862 3.0
171 942 4.0
172 131 2.0
172 274 3.0
172 615 2.0
172 736 4.0
172 880 4.0
172 936 4.0
173 104 1.0
173 499 2.0
173 510 4.0
173 585 4.0
173 591 3.0
173 773 4.0
173 793 1.0
174 115 0.0
174 119 4.0
174 409 4.0
174 413 4.0
174 447 1.0
174 710 1.0
174 734 4.0
174 837 2.0
175 72 1.0
175 84 4.0
175 144 2.0
175 229 4.0
175 435 4.0
175 513 3.0
175 634 4.0
175 677 0.0
175 746 4.0
175 935 3.0
176 108 4.0
176 758 4.0
176 823 4.0
176 1019 3.0
177 92 1.0
177 569 2.0
177 969 2.0
178 233 2.0
178 582 2.0
178 648 3.0
178 726 4.0
178 891 3.0
179 163 1.0
179 425 3.0
179 712 4.0
179 783 3.0
179 881 4.0
180 22 3.0
180 50 3.0
180 78 4.0
180 442 3.0
180 552 3.0
180 650 1.0
180 801 2.0
180 889 4.0
181 121 4.0
181 203 4.0
181 210 4.0
181 243 3.0
181 559 2.0
181 664 4.0
181 867 2.0
181 949 1.0
182 123 4.0
182 268 4.0
182 416 4.0
182 757 4.0
182 802 4.0
183 130 4.0
183 294 2.0
183 481 2.0
183 484 4.0
183 518 4.0
183 836 3.0
183 912 3.0
184 127 3.0
184 146 3.0
184 400 4.0
184 528 4.0
184 546 4.0
184 547 2.0
184 670 4.0
184 690 4.0
184 713 4.0
184 824 3.0
184 877 4.0
185 79 4.0
185 223 4.0
185 483 2.0
185 505 2.0
185 520 4.0
185 689 4.0
186 2 4.0
186 265 4.0
186 622 3.0
186 899 2.0
187 29 2.0
187 80 3.0
187 91 2.0
187 672 3.0
188 8 4.0
188 71 2.0
188 311 4.0
188 490 3.0
188 541 4.0
188 688 3.0
189 198 3.0
189 729 3.0
189 752 2.0
189 807 4.0
190 391 4.0
190 400 3.0
190 462 1.0
190 528 2.0
190 547 4.0
191 75 0.0
191 112 3.0
191 334 3.0
191 377 4.0
191 412 2.0
191 630 4.0
191 632 1.0
191 645 3.0
191 704 1.0
191 856 2.0
191 868 1.0
192 64 2.0
192 294 3.0
192 564 4.0
192 912 3.0
193 849 4.0
193 906 4.0
193 973 2.0
194 62 0.0
194 68 2.0
194 113 2.0
194 437 4.0
194 608 2.0
194 711 4.0
195 52 3.0
195 60 2.0
195 201 4.0
195 433 4.0
195 643 3.0
195 689 4.0
195 853 2.0
195 864 3.0
195 1016 2.0
196 77 4.0
196 117 4.0
196 570 2.0
196 951 4.0
196 1017 3.0
197 51 1.0
197 224 3.0
197 328 4.0
197 438 4.0
197 469 4.0
197 668 4.0
197 705 4.0
197 765 2.0
197 789 3.0
198 189 3.0
198 360 4.0
198 549 4.0
198 729 3.0
198 895 2.0
199 490 4.0
199 691 2.0
199 834 3.0
199 855 4.0
199 894 4.0
200 23 3.0
200 152 4.0
200 161 4.0
200 453 2.0
200 722 4.0
200 900 1.0
200 927 2.0
201 30 2.0
201 52 3.0
201 57 4.0
201 195 4.0
201 290 4.0
201 333 3.0
201 853 3.0
201 864 3.0
201 1016 3.0
202 847 2.0
202 880 4.0
203 181 4.0
203 350 4.0
203 450 2.0
203 664 4.0
203 813 4.0
204 56 4.0
204 118 4.0
204 237 4.0
204 252 2.0
204 683 4.0
204 833 4.0
205 515 4.0
205 701 4.0
205 881 4.0
206 33 3.0
206 96 1.0
206 97 2.0
206 130 4.0
206 481 4.0
206 484 1.0
206 518 4.0
206 797 4.0
206 836 3.0
206 921 3.0
206 996 4.0
207 9 4.0
207 70 4.0
207 225 3.0
207 234 1.0
207 383 4.0
207 457 4.0
207 657 2.0
207 790 4.0
207 974 4.0
208 65 2.0
208 84 4.0
208 116 3.0
208 166 3.0
208 262 2.0
208 305 4.0
208 613 1.0
208 660 4.0
208 746 4.0
209 15 3.0
209 375 2.0
209 409 1.0
209 482 4.0
209 731 4.0
209 814 3.0
209 837 4.0
210 181 4.0
210 243 3.0
210 350 4.0
210 813 3.0
210 867 4.0
211 101 4.0
211 271 4.0
211 291 0.0
211 567 4.0
211 597 4.0
211 698 3.0
211 699 4.0
211 842 4.0
211 857 4.0
211 946 2.0
212 267 4.0
212 357 1.0
212 395 4.0
212 747 3.0
212 816 2.0
213 37 2.0
213 40 4.0
213 63 2.0
213 152 4.0
213 351 4.0
213 374 4.0
213 444 4.0
213 873 2.0
213 897 3.0
214 95 4.0
214 96 4.0
214 97 3.0
214 323 4.0
214 518 4.0
214 583 4.0
214 850 1.0
214 996 1.0
215 259 1.0
215 318 3.0
215 426 3.0
215 602 1.0
215 854 2.0
215 887 3.0
215 1011 3.0
216 117 4.0
216 125 4.0
216 218 4.0
216 272 1.0
216 332 4.0
216 508 2.0
216 612 2.0
216 669 3.0
216 717 2.0
216 739 1.0
216 779 3.0
216 840 1.0
217 309 3.0
217 445 4.0
217 529 3.0
217 653 4.0
217 743 3.0
217 841 2.0
217 979 4.0
218 117 4.0
218 125 2.0
218 216 4.0
218 272 4.0
218 273 4.0
218 332 1.0
218 508 3.0
218 612 4.0
218 717 2.0
218 739 4.0
219 277 3.0
219 367 4.0
219 402 4.0
219 565 4.0
219 961 3.0
219 1010 2.0
220 377 4.0
220 414 1.0
220 525 2.0
220 600 4.0
221 12 3.0
221 61 4.0
221 250 2.0
221 288 4.0
221 563 3.0
221 661 4.0
221 831 2.0
221 838 2.0
221 913 4.0
222 69 2.0
222 151 4.0
222 284 4.0
222 433 4.0
222 501 2.0
222 643 2.0
222 695 0.0
222 802 4.0
222 832 4.0
222 966 4.0
222 1002 4.0
223 79 2.0
223 185 4.0
223 441 4.0
223 505 3.0
223 782 3.0
224 24 3.0
224 51 2.0
224 55 4.0
224 73 4.0
224 197 3.0
224 438 1.0
224 789 2.0
225 9 4.0
225 25 4.0
225 207 3.0
225 234 2.0
225 383 4.0
225 457 1.0
225 624 2.0
225 974 1.0
226 28 1.0
226 119 4.0
226 443 4.0
226 690 4.0
226 720 3.0
226 809 4.0
226 858 4.0
226 901 2.0
227 35 1.0
227 642 3.0
227 715 2.0
227 763 4.0
227 879 4.0
228 249 3.0
228 326 4.0
228 406 4.0
228 516 3.0
228 778 2.0
228 911 2.0
229 72 4.0
229 84 3.0
229 116 4.0
229 144 2.0
229 175 4.0
229 253 2.0
229 397 4.0
229 435 2.0
229 677 4.0
229 746 3.0
229 993 2.0
230 5 2.0
230 58 3.0
230 286 3.0
230 347 4.0
230 806 2.0
230 859 3.0
230 885 4.0
230 975 3.0
231 540 1.0
231 682 3.0
231 774 2.0
232 111 4.0
232 337 2.0
232 420 3.0
232 429 4.0
232 530 3.0
232 548 3.0
232 675 4.0
232 697 3.0
232 848 4.0
232 876 4.0
232 886 3.0
232 907 2.0
233 67 3.0
233 152 4.0
233 178 2.0
233 582 2.0
233 648 3.0
233 722 4.0
233 726 3.0
233 891 2.0
234 9 4.0
234 70 4.0
234 207 1.0
234 225 2.0
234 383 4.0
234 457 3.0
234 624 4.0
234 657 3.0
234 790 4.0
234 974 3.0
235 41 4.0
235 381 2.0
235 503 3.0
235 543 4.0
235 623 2.0
235 631 1.0
236 110 3.0
236 478 2.0
236 681 2.0
236 919 3.0
237 204 4.0
237 438 4.0
237 811 4.0
238 167 4.0
238 355 3.0
238 420 2.0
238 429 2.0
238 548 2.0
238 599 2.0
238 876 3.0
238 957 3.0
239 20 2.0
239 74 4.0
239 551 1.0
239 652 2.0
239 863 3.0
239 933 2.0
240 34 3.0
240 128 2.0
240 553 4.0
240 699 3.0
240 842 4.0
240 903 1.0
240 948 2.0
241 162 3.0
241 407 4.0
241 461 2.0
241 589 3.0
241 605 4.0
241 611 3.0
241 958 1.0
242 245 4.0
242 583 3.0
242 633 2.0
242 937 2.0
243 181 3.0
243 210 3.0
243 487 3.0
243 559 4.0
243 867 1.0
243 949 3.0
244 43 3.0
244 143 4.0
244 298 3.0
244 591 4.0
244 759 4.0
245 154 3.0
245 242 4.0
245 411 2.0
245 456 3.0
245 564 4.0
246 392 1.0
246 573 4.0
246 805 1.0
247 44 4.0
247 48 2.0
247 368 1.0
247 492 1.0
247 835 3.0
248 118 3.0
248 345 3.0
248 683 3.0
248 875 1.0
248 954 4.0
248 970 4.0
248 992 4.0
249 228 3.0
249 296 4.0
249 326 3.0
249 406 2.0
249 516 4.0
249 744 4.0
249 778 2.0
249 786 3.0
249 911 2.0
250 12 4.0
250 61 4.0
250 221 2.0
250 267 4.0
250 661 3.0
250 831 4.0
250 838 4.0
250 913 4.0
251 45 1.0
251 268 3.0
251 287 4.0
251 370 2.0
251 417 2.0
251 572 3.0
252 13 4.0
252 56 2.0
252 204 2.0
252 364 4.0
252 833 2.0
253 84 4.0
253 116 4.0
253 144 4.0
253 229 2.0
253 384 3.0
253 397 3.0
253 435 3.0
253 620 3.0
253 660 4.0
253 746 4.0
253 993 1.0
254 47 4.0
254 314 1.0
254 405 2.0
254 785 3.0
254 988 4.0
254 1007 3.0
254 1022 4.0
255 149 1.0
255 520 4.0
255 537 4.0
255 1002 4.0
256 42 4.0
256 43 3.0
256 143 2.0
256 293 4.0
256 298 3.0
256 662 2.0
256 759 1.0
256 784 4.0
257 87 4.0
257 122 4.0
257 276 2.0
257 369 4.0
257 401 4.0
257 521 2.0
257 708 3.0
257 791 4.0
257 792 4.0
258 36 2.0
258 325 2.0
258 809 1.0
258 858 3.0
259 129 4.0
259 215 1.0
259 268 4.0
259 318 2.0
259 426 2.0
259 602 1.0
259 854 3.0
259 887 4.0
259 1011 2.0
260 418 3.0
260 436 3.0
260 493 4.0
260 767 2.0
260 777 4.0
261 19 4.0
261 159 3.0
261 390 2.0
261 929 4.0
262 65 4.0
262 68 4.0
262 166 4.0
262 208 2.0
262 305 2.0
262 450 4.0
262 613 3.0
262 664 4.0
263 502 1.0
263 504 2.0
263 562 2.0
263 635 4.0
264 269 3.0
265 2 1.0
265 108 4.0
265 186 4.0
265 823 4.0
265 899 4.0
266 382 4.0
266 488 4.0
266 556 4.0
266 725 1.0
266 924 3.0
267 6 3.0
267 212 4.0
267 250 4.0
267 357 4.0
267 747 2.0
267 913 4.0
267 925 2.0
268 45 4.0
268 123 4.0
268 129 4.0
268 182 4.0
268 251 3.0
268 259 4.0
268 370 4.0
268 602 4.0
269 264 3.0
269 604 2.0
270 31 4.0
270 382 4.0
270 408 2.0
270 421 1.0
270 488 3.0
270 494 1.0
270 580 4.0
270 924 4.0
270 962 2.0
270 977 2.0
271 211 4.0
271 291 4.0
271 567 3.0
271 607 1.0
271 698 2.0
271 971 3.0
272 117 3.0
272 125 3.0
272 216 1.0
272 218 4.0
272 332 4.0
272 508 2.0
272 612 3.0
272 669 4.0
272 717 2.0
272 739 0.0
272 779 4.0
272 840 2.0
273 218 4.0
273 332 3.0
273 508 4.0
273 542 2.0
273 576 3.0
273 612 4.0
273 717 4.0
274 131 2.0
274 172 3.0
274 336 2.0
274 430 4.0
274 615 1.0
274 736 4.0
274 936 2.0
275 158 0.0
275 469 4.0
275 575 4.0
275 601 4.0
275 676 2.0
275 705 3.0
275 904 4.0
276 257 2.0
276 363 4.0
276 369 1.0
276 401 2.0
276 521 0.0
276 815 4.0
277 219 3.0
277 367 3.0
277 737 4.0
277 779 4.0
277 945 2.0
277 953 4.0
277 961 2.0
277 1010 1.0
278 14 0.0
278 320 4.0
278 387 2.0
278 477 1.0
278 544 1.0
279 549 1.0
279 646 3.0
279 688 4.0
279 818 2.0
279 895 4.0
280 80 3.0
280 534 2.0
280 595 2.0
280 718 4.0
280 1000 4.0
281 66 3.0
281 500 3.0
281 634 3.0
281 990 2.0
282 348 1.0
282 593 4.0
282 908 3.0
282 963 3.0
282 1006 4.0
283 419 4.0
283 691 4.0
283 894 1.0
284 54 2.0
284 151 1.0
284 222 4.0
284 433 2.0
284 643 4.0
284 695 4.0
284 802 3.0
285 142 4.0
285 321 2.0
285 464 2.0
285 780 4.0
286 5 1.0
286 58 0.0
286 230 3.0
286 347 1.0
286 517 2.0
286 649 2.0
286 859 4.0
286 885 4.0
286 975 4.0
286 1001 4.0
287 45 3.0
287 251 4.0
287 370 4.0
287 417 2.0
287 572 4.0
287 930 1.0
288 12 1.0
288 61 4.0
288 221 4.0
288 661 4.0
288 831 3.0
288 838 4.0
289 16 1.0
289 33 3.0
289 637 3.0
289 753 3.0
289 797 3.0
289 830 3.0
289 921 4.0
290 30 2.0
290 98 4.0
290 201 4.0
290 333 2.0
290 424 1.0
290 714 4.0
290 829 4.0
290 844 4.0
291 101 4.0
291 211 0.0
291 271 4.0
291 567 4.0
291 597 4.0
291 698 3.0
291 699 4.0
291 842 4.0
291 857 4.0
291 946 2.0
292 522 4.0
292 596 2.0
292 628 4.0
292 668 1.0
292 781 2.0
292 789 4.0
292 989 2.0
292 1018 1.0
293 43 3.0
293 256 4.0
293 298 3.0
293 516 3.0
293 588 4.0
293 662 2.0
293 759 4.0
293 773 4.0
293 784 4.0
293 898 1.0
294 64 4.0
294 183 2.0
294 192 3.0
294 481 4.0
294 912 1.0
295 399 0.0
295 486 1.0
295 557 2.0
295 709 4.0
295 798 4.0
295 852 4.0
295 914 3.0
295 987 3.0
296 25 2.0
296 53 3.0
296 249 4.0
296 326 4.0
296 379 3.0
296 406 4.0
296 624 4.0
296 744 3.0
296 786 1.0
296 960 4.0
297 162 4.0
297 407 4.0
297 605 2.0
297 981 4.0
298 43 0.0
298 143 4.0
298 244 3.0
298 256 3.0
298 293 3.0
298 662 2.0
298 759 2.0
298 898 3.0
299 120 3.0
299 396 3.0
299 455 4.0
299 561 2.0
299 787 2.0
299 819 4.0
299 896 4.0
300 20 4.0
300 153 2.0
300 652 4.0
300 656 1.0
300 933 4.0
301 11 4.0
301 126 2.0
301 626 1.0
301 748 4.0
301 888 4.0
301 982 4.0
302 315 2.0
302 329 2.0
302 345 2.0
302 460 4.0
303 105 3.0
303 154 3.0
303 411 4.0
303 619 0.0
303 678 1.0
303 730 1.0
304 310 3.0
304 372 4.0
304 491 4.0
304 687 2.0
304 812 4.0
304 917 3.0
304 928 2.0
304 955 4.0
305 208 4.0
305 262 2.0
305 450 3.0
305 559 4.0
305 664 1.0
306 511 4.0
306 772 4.0
306 843 1.0
307 10 3.0
307 81 4.0
307 86 3.0
307 89 1.0
308 69 4.0
308 692 4.0
308 732 3.0
308 740 1.0
308 832 2.0
308 932 3.0
308 966 2.0
309 217 3.0
309 445 4.0
309 479 3.0
309 529 4.0
309 560 4.0
309 653 2.0
309 675 4.0
309 841 4.0
309 979 3.0
310 304 3.0
310 452 3.0
310 687 1.0
310 928 2.0
311 8 4.0
311 71 4.0
311 188 4.0
311 427 4.0
311 541 1.0
311 760 4.0
311 865 3.0
312 124 4.0
312 126 4.0
312 454 4.0
312 482 4.0
312 526 4.0
312 674 3.0
312 771 1.0
312 814 4.0
312 888 4.0
312 965 1.0
313 17 2.0
313 338 1.0
313 578 1.0
313 586 4.0
313 910 3.0
314 47 4.0
314 254 1.0
314 405 2.0
314 785 2.0
314 988 4.0
314 1007 2.0
314 1013 4.0
314 1022 4.0
315 302 2.0
315 329 4.0
315 345 3.0
315 410 4.0
315 524 3.0
316 85 4.0
316 145 2.0
316 157 4.0
316 346 4.0
316 735 4.0
316 822 2.0
316 890 2.0
316 902 3.0
316 947 4.0
317 7 2.0
317 114 3.0
317 132 1.0
317 610 1.0
317 869 3.0
318 129 4.0
318 215 3.0
318 259 2.0
318 426 1.0
318 530 4.0
318 602 4.0
318 697 4.0
318 848 3.0
318 854 3.0
318 986 4.0
318 1011 0.0
319 16 4.0
319 23 4.0
319 109 3.0
319 584 4.0
319 748 4.0
319 753 3.0
319 830 4.0
320 14 4.0
320 17 4.0
320 59 2.0
320 102 4.0
320 278 4.0
320 472 4.0
320 477 3.0
320 775 4.0
321 142 2.0
321 285 2.0
321 342 4.0
321 464 2.0
321 766 4.0
321 780 4.0
322 134 1.0
322 156 1.0
322 352 1.0
322 617 3.0
323 95 1.0
323 148 4.0
323 214 4.0
323 458 4.0
323 583 4.0
323 682 4.0
323 850 3.0
324 106 4.0
324 372 3.0
324 709 4.0
324 741 3.0
324 761 3.0
324 798 4.0
324 812 2.0
324 917 4.0
324 956 2.0
325 36 4.0
325 258 2.0
325 443 4.0
325 803 3.0
325 809 3.0
325 858 2.0
325 976 3.0
326 25 4.0
326 53 4.0
326 228 4.0
326 249 3.0
326 296 4.0
326 386 4.0
326 532 4.0
326 778 2.0
326 786 4.0
326 911 4.0
327 495 4.0
327 604 4.0
327 808 2.0
327 959 4.0
327 967 3.0
328 51 4.0
328 197 4.0
328 404 1.0
328 410 2.0
328 524 3.0
328 590 3.0
328 765 4.0
329 11 4.0
329 302 2.0
329 315 4.0
329 345 4.0
329 422 4.0
329 460 3.0
330 507 1.0
331 353 4.0
331 431 4.0
331 498 0.0
331 558 1.0
331 655 3.0
331 742 1.0
331 799 1.0
331 826 3.0
331 950 4.0
331 972 4.0
331 1008 3.0
332 125 3.0
332 216 4.0
332 218 1.0
332 272 4.0
332 273 3.0
332 508 2.0
332 542 4.0
332 612 3.0
332 717 2.0
332 739 4.0
332 840 4.0
333 30 1.0
333 52 4.0
333 201 3.0
333 290 2.0
333 424 3.0
333 864 4.0
334 75 3.0
334 191 3.0
334 412 4.0
334 632 4.0
334 704 4.0
334 856 1.0
334 868 2.0
335 825 2.0
335 890 4.0
335 916 2.0
336 103 4.0
336 131 4.0
336 274 2.0
336 430 2.0
336 615 3.0
336 667 4.0
336 871 3.0
336 936 3.0
337 138 4.0
337 232 2.0
337 363 4.0
337 479 4.0
337 530 3.0
337 675 3.0
337 697 2.0
337 848 3.0
337 886 1.0
337 907 2.0
338 17 1.0
338 102 4.0
338 313 1.0
338 578 2.0
338 910 2.0
339 124 2.0
339 340 4.0
339 454 2.0
339 526 1.0
339 674 3.0
339 727 4.0
339 771 4.0
339 965 4.0
339 970 4.0
339 992 3.0
340 101 4.0
340 124 4.0
340 339 4.0
340 454 4.0
341 485 4.0
341 535 2.0
341 941 1.0
341 944 2.0
341 1021 3.0
341 1023 2.0
342 142 2.0
342 321 4.0
342 766 2.0
342 780 4.0
342 964 3.0
343 134 4.0
343 393 1.0
343 555 4.0
343 756 3.0
344 32 1.0
344 38 1.0
344 415 1.0
344 471 4.0
344 712 2.0
344 783 4.0
344 1005 1.0
345 248 3.0
345 302 2.0
345 315 3.0
345 329 4.0
345 875 4.0
346 145 2.0
346 316 4.0
346 577 4.0
346 598 3.0
346 627 2.0
346 738 4.0
346 762 4.0
346 822 4.0
346 902 2.0
346 947 3.0
347 5 2.0
347 58 1.0
347 230 4.0
347 286 1.0
347 517 2.0
347 649 3.0
347 885 3.0
347 1001 3.0
348 282 1.0
348 593 3.0
348 908 3.0
348 963 2.0
348 1006 4.0
349 398 4.0
349 503 4.0
349 594 4.0
349 685 4.0
349 693 4.0
349 978 4.0
350 203 4.0
350 210 4.0
350 813 1.0
351 16 4.0
351 40 4.0
351 63 2.0
351 213 4.0
351 584 2.0
351 637 3.0
351 830 2.0
352 134 2.0
352 156 0.0
352 322 1.0
352 617 2.0
352 719 4.0
353 0 4.0
353 331 4.0
353 431 3.0
353 476 3.0
353 498 4.0
353 636 2.0
353 655 3.0
353 742 3.0
353 826 2.0
353 976 4.0
353 1008 2.0
354 381 3.0
354 391 4.0
354 594 3.0
354 623 3.0
354 685 4.0
354 764 2.0
354 978 4.0
355 238 3.0
355 599 2.0
355 707 4.0
355 957 4.0
356 21 4.0
356 76 1.0
356 459 2.0
356 998 3.0
357 212 1.0
357 267 4.0
357 747 3.0
357 816 4.0
358 423 4.0
358 592 2.0
358 647 3.0
358 723 4.0
358 733 3.0
358 738 4.0
358 781 4.0
358 922 1.0
358 989 4.0
359 57 2.0
359 389 4.0
360 198 4.0
360 729 3.0
360 820 4.0
360 895 3.0
361 536 3.0
361 606 4.0
362 77 2.0
362 466 2.0
362 769 4.0
362 1017 3.0
363 138 2.0
363 276 4.0
363 337 4.0
363 369 3.0
363 401 4.0
363 521 4.0
363 675 4.0
363 697 4.0
363 792 4.0
363 815 2.0
363 886 3.0
364 13 4.0
364 252 4.0
364 795 4.0
364 833 2.0
365 110 3.0
365 478 4.0
365 600 4.0
365 681 4.0
365 716 4.0
365 839 1.0
365 919 2.0
366 431 4.0
366 566 4.0
366 625 3.0
366 655 4.0
366 893 2.0
366 972 2.0
367 219 4.0
367 277 3.0
367 496 3.0
367 737 4.0
367 942 4.0
367 945 4.0
367 953 1.0
367 961 1.0
367 1010 2.0
368 44 3.0
368 48 3.0
368 155 4.0
368 247 1.0
368 492 1.0
368 835 3.0
369 257 4.0
369 276 1.0
369 363 3.0
369 401 1.0
369 521 1.0
369 815 2.0
370 45 2.0
370 251 2.0
370 268 4.0
370 287 4.0
370 417 2.0
370 572 1.0
371 27 3.0
371 168 4.0
371 540 4.0
371 716 4.0
371 774 3.0
372 106 2.0
372 304 4.0
372 324 3.0
372 491 3.0
372 618 3.0
372 741 1.0
372 761 4.0
372 812 1.0
372 917 1.0
372 956 2.0
373 164 2.0
373 170 1.0
373 472 4.0
373 665 2.0
373 761 4.0
373 775 2.0
373 845 2.0
373 926 0.0
373 997 2.0
373 1012 4.0
374 37 3.0
374 67 4.0
374 213 4.0
374 437 4.0
374 608 4.0
374 873 2.0
374 897 2.0
375 15 2.0
375 209 2.0
375 409 3.0
375 814 3.0
376 514 2.0
376 593 2.0
376 616 1.0
376 908 4.0
376 985 1.0
376 1006 4.0
377 75 4.0
377 191 4.0
377 220 4.0
377 414 4.0
377 531 3.0
377 630 4.0
377 632 4.0
377 645 4.0
377 856 4.0
377 868 4.0
378 550 3.0
378 684 3.0
378 703 3.0
379 165 2.0
379 296 3.0
379 394 2.0
379 406 4.0
379 744 1.0
379 786 3.0
379 960 3.0
380 441 2.0
380 497 1.0
380 505 4.0
380 796 1.0
380 980 4.0
380 998 3.0
381 235 2.0
381 354 3.0
381 503 3.0
381 623 0.0
381 631 2.0
381 764 4.0
382 31 2.0
382 266 4.0
382 270 4.0
382 421 3.0
382 488 1.0
382 556 3.0
382 580 4.0
382 630 4.0
382 725 4.0
382 924 1.0
382 977 4.0
383 4 2.0
383 147 4.0
383 207 4.0
383 225 4.0
383 234 4.0
383 457 3.0
383 624 4.0
384 253 3.0
384 397 2.0
384 620 1.0
384 660 4.0
384 993 3.0
384 1015 2.0
385 406 4.0
385 439 3.0
385 473 4.0
385 516 4.0
385 639 1.0
385 784 2.0
385 911 4.0
386 137 3.0
386 326 4.0
386 445 4.0
386 532 1.0
386 755 2.0
386 827 4.0
387 14 2.0
387 278 2.0
387 477 3.0
387 544 2.0
388 432 3.0
388 549 4.0
388 701 3.0
388 818 3.0
389 359 4.0
389 407 4.0
389 461 4.0
389 589 3.0
389 611 4.0
390 19 2.0
390 261 2.0
390 929 2.0
391 190 4.0
391 354 4.0
391 462 4.0
391 764 2.0
392 246 1.0
392 573 4.0
392 805 2.0
393 134 4.0
393 343 1.0
393 555 4.0
393 756 3.0
394 165 1.0
394 379 2.0
394 744 3.0
394 960 4.0
395 212 4.0
395 923 3.0
396 120 3.0
396 299 3.0
396 561 2.0
396 787 2.0
396 819 1.0
396 896 2.0
397 229 4.0
397 253 3.0
397 384 2.0
397 620 1.0
397 883 4.0
397 993 4.0
397 1015 4.0
398 349 4.0
398 566 1.0
398 794 2.0
398 893 4.0
398 978 4.0
399 295 0.0
399 486 1.0
399 557 2.0
399 709 4.0
399 798 4.0
399 852 4.0
399 914 3.0
399 987 3.0
400 39 4.0
400 82 4.0
400 141 2.0
400 146 4.0
400 184 4.0
400 190 3.0
400 462 4.0
400 528 4.0
400 546 3.0
400 547 4.0
400 713 4.0
400 817 3.0
400 877 4.0
400 952 4.0
401 257 4.0
401 276 2.0
401 363 4.0
401 369 1.0
401 521 2.0
401 815 3.0
402 90 2.0
402 219 4.0
402 565 0.0
402 579 2.0
403 574 3.0
403 659 4.0
403 872 4.0
403 940 1.0
404 328 1.0
404 410 1.0
404 524 2.0
404 545 4.0
404 590 3.0
405 47 2.0
405 254 2.0
405 314 2.0
405 785 3.0
405 988 2.0
405 1007 2.0
405 1013 4.0
405 1022 2.0
406 228 4.0
406 249 2.0
406 296 4.0
406 379 4.0
406 385 4.0
406 516 4.0
406 639 4.0
406 744 3.0
406 778 4.0
406 784 4.0
406 786 3.0
406 911 2.0
407 98 4.0
407 162 4.0
407 241 4.0
407 297 4.0
407 389 4.0
407 461 4.0
407 589 2.0
407 605 4.0
407 611 4.0
407 829 4.0
408 270 2.0
408 421 3.0
408 488 4.0
408 494 3.0
408 962 1.0
408 977 1.0
409 15 4.0
409 115 4.0
409 174 4.0
409 209 1.0
409 375 3.0
409 731 2.0
409 814 4.0
409 837 3.0
410 315 4.0
410 328 2.0
410 404 1.0
410 524 1.0
410 590 4.0
411 154 1.0
411 245 2.0
411 303 4.0
411 456 2.0
411 619 4.0
411 678 4.0
412 75 2.0
412 112 2.0
412 191 2.0
412 334 4.0
412 632 2.0
412 645 4.0
412 704 1.0
412 856 4.0
412 868 2.0
413 115 4.0
413 119 3.0
413 174 4.0
413 447 3.0
413 670 4.0
413 710 3.0
413 734 1.0
413 745 2.0
414 220 1.0
414 377 4.0
414 525 2.0
414 600 4.0
415 32 1.0
415 38 1.0
415 163 4.0
415 344 1.0
415 471 3.0
415 712 1.0
415 783 4.0
415 1005 0.0
416 10 2.0
416 81 3.0
416 86 2.0
416 89 4.0
416 123 4.0
416 169 4.0
416 182 4.0
416 644 4.0
416 757 1.0
417 45 1.0
417 251 2.0
417 287 2.0
417 370 2.0
417 572 2.0
417 930 4.0
418 260 3.0
418 436 1.0
418 493 3.0
418 751 4.0
418 767 1.0
418 777 1.0
419 283 4.0
419 847 3.0
419 894 4.0
420 232 3.0
420 238 2.0
420 429 1.0
420 530 4.0
420 548 1.0
420 599 4.0
420 876 3.0
420 957 4.0
421 31 4.0
421 270 1.0
421 382 3.0
421 408 3.0
421 488 2.0
421 494 2.0
421 580 3.0
421 630 4.0
421 924 3.0
421 962 3.0
421 977 2.0
422 126 4.0
422 329 4.0
422 526 4.0
422 626 4.0
422 674 3.0
422 888 2.0
422 965 4.0
423 358 4.0
423 485 2.0
423 592 2.0
423 647 2.0
423 706 3.0
423 723 1.0
423 733 3.0
424 30 3.0
424 98 3.0
424 290 1.0
424 333 3.0
424 714 3.0
424 829 3.0
424 844 3.0
425 163 3.0
425 179 3.0
425 881 2.0
426 129 3.0
426 215 3.0
426 259 2.0
426 318 1.0
426 530 4.0
426 602 4.0
426 663 4.0
426 848 4.0
426 854 4.0
426 986 3.0
426 1011 1.0
427 8 2.0
427 311 4.0
427 541 4.0
427 702 4.0
427 865 3.0
427 944 4.0
427 1023 4.0
428 42 2.0
428 143 4.0
429 232 4.0
429 238 2.0
429 420 1.0
429 530 4.0
429 548 2.0
429 599 3.0
429 876 4.0
429 957 3.0
430 103 4.0
430 131 4.0
430 274 4.0
430 336 2.0
430 467 4.0
430 615 4.0
430 667 3.0
430 728 3.0
430 871 2.0
431 331 4.0
431 353 3.0
431 366 4.0
431 498 4.0
431 558 4.0
431 566 4.0
431 655 1.0
431 742 4.0
431 794 4.0
431 826 1.0
431 893 2.0
431 972 2.0
431 1008 4.0
432 388 3.0
433 54 4.0
433 57 4.0
433 151 1.0
433 195 4.0
433 222 4.0
433 284 2.0
433 643 3.0
433 695 4.0
433 1016 3.0
434 140 1.0
434 537 2.0
434 597 4.0
434 692 2.0
434 846 4.0
434 932 4.0
435 65 3.0
435 72 4.0
435 84 1.0
435 116 2.0
435 144 3.0
435 175 4.0
435 229 2.0
435 253 3.0
435 513 4.0
435 613 4.0
435 660 4.0
435 677 4.0
435 746 1.0
435 993 2.0
436 260 3.0
436 418 1.0
436 493 4.0
436 515 4.0
436 767 1.0
436 777 1.0
437 62 4.0
437 68 4.0
437 166 4.0
437 194 4.0
437 374 4.0
437 608 4.0
437 776 1.0
437 968 3.0
438 24 4.0
438 51 3.0
438 55 4.0
438 73 4.0
438 197 4.0
438 224 1.0
438 237 4.0
438 789 4.0
438 811 4.0
439 385 3.0
439 473 1.0
439 639 2.0
440 523 1.0
440 846 4.0
440 857 1.0
440 946 4.0
441 223 4.0
441 380 2.0
441 497 3.0
441 505 3.0
441 782 3.0
441 796 3.0
442 22 4.0
442 50 4.0
442 78 1.0
442 180 3.0
442 650 3.0
442 801 4.0
443 28 4.0
443 82 3.0
443 146 4.0
443 226 4.0
443 325 4.0
443 451 4.0
443 533 4.0
443 546 3.0
443 690 4.0
443 713 3.0
443 720 4.0
443 803 3.0
443 817 4.0
443 858 2.0
443 877 3.0
443 901 3.0
443 938 1.0
443 952 2.0
444 37 2.0
444 40 1.0
444 63 3.0
444 130 4.0
444 213 4.0
444 463 2.0
444 873 3.0
444 897 3.0
445 137 1.0
445 217 4.0
445 309 4.0
445 386 4.0
445 653 2.0
445 841 3.0
446 3 2.0
446 83 2.0
446 571 2.0
447 115 1.0
447 119 4.0
447 174 1.0
447 413 3.0
447 710 1.0
447 734 3.0
447 837 3.0
448 49 4.0
448 107 4.0
448 136 3.0
448 160 3.0
449 506 2.0
449 509 2.0
449 568 4.0
449 641 3.0
449 769 3.0
449 866 1.0
450 203 2.0
450 262 4.0
450 305 3.0
450 664 3.0
451 0 3.0
451 39 2.0
451 82 2.0
451 141 3.0
451 443 4.0
451 476 3.0
451 533 1.0
451 546 4.0
451 636 4.0
451 803 3.0
451 817 2.0
451 938 4.0
451 952 4.0
451 976 4.0
452 310 3.0
452 621 4.0
452 687 4.0
452 843 4.0
453 11 4.0
453 23 3.0
453 161 3.0
453 200 2.0
453 460 4.0
453 748 4.0
453 900 2.0
453 927 2.0
454 124 0.0
454 312 4.0
454 339 2.0
454 340 4.0
454 526 1.0
454 674 3.0
454 771 2.0
454 965 3.0
455 120 2.0
455 299 4.0
455 561 3.0
455 629 3.0
455 787 3.0
455 851 4.0
455 896 4.0
456 154 3.0
456 245 3.0
456 411 2.0
457 4 4.0
457 147 4.0
457 207 4.0
457 225 1.0
457 234 3.0
457 383 3.0
457 624 2.0
457 960 4.0
457 974 2.0
458 27 4.0
458 95 4.0
458 148 1.0
458 323 4.0
458 557 4.0
458 682 3.0
458 798 4.0
458 955 4.0
459 21 4.0
459 76 1.0
459 356 2.0
459 870 4.0
459 980 4.0
459 998 4.0
460 11 1.0
460 302 4.0
460 329 3.0
460 453 4.0
460 626 4.0
460 748 4.0
461 162 4.0
461 241 2.0
461 389 4.0
461 407 4.0
461 589 1.0
461 611 1.0
461 640 4.0
461 958 3.0
462 190 1.0
462 391 4.0
462 400 4.0
462 528 2.0
462 547 4.0
462 707 4.0
463 37 4.0
463 40 1.0
463 63 4.0
463 130 2.0
463 444 2.0
463 481 4.0
463 484 4.0
463 637 4.0
463 797 4.0
463 836 4.0
463 921 4.0
464 142 4.0
464 285 2.0
464 321 2.0
465 502 4.0
465 504 4.0
465 562 4.0
465 635 1.0
465 657 4.0
466 77 4.0
466 362 2.0
466 769 3.0
466 1017 4.0
467 66 3.0
467 103 3.0
467 430 4.0
467 500 3.0
467 667 4.0
467 728 1.0
467 871 3.0
467 990 4.0
468 13 2.0
468 26 4.0
468 56 4.0
468 614 3.0
468 638 4.0
468 999 2.0
469 158 4.0
469 197 4.0
469 275 4.0
469 676 4.0
469 705 1.0
469 765 2.0
470 46 4.0
470 93 1.0
470 489 3.0
470 984 4.0
471 32 4.0
471 38 4.0
471 163 4.0
471 344 4.0
471 415 3.0
471 706 3.0
471 712 3.0
471 984 4.0
471 1005 3.0
472 59 3.0
472 102 4.0
472 164 2.0
472 170 4.0
472 320 4.0
472 373 4.0
472 665 2.0
472 761 3.0
472 775 3.0
472 852 4.0
472 914 4.0
472 926 4.0
472 956 4.0
473 385 4.0
473 439 1.0
473 639 3.0
474 554 0.0
474 658 4.0
474 821 4.0
474 995 3.0
475 109 3.0
475 982 1.0
476 0 1.0
476 39 4.0
476 353 3.0
476 451 3.0
476 533 3.0
476 636 2.0
476 685 4.0
476 803 4.0
476 976 4.0
476 1008 4.0
477 14 1.0
477 278 1.0
477 320 3.0
477 387 3.0
477 544 2.0
477 775 4.0
478 110 1.0
478 236 2.0
478 365 4.0
478 652 4.0
478 681 3.0
478 839 4.0
478 919 3.0
479 138 3.0
479 309 3.0
479 337 4.0
479 560 3.0
479 653 4.0
479 675 1.0
479 792 4.0
479 886 3.0
479 907 3.0
479 979 2.0
480 511 2.0
480 749 3.0
480 772 3.0
480 928 4.0
480 1003 2.0
481 96 4.0
481 97 4.0
481 130 2.0
481 183 2.0
481 206 4.0
481 294 4.0
481 463 4.0
481 484 2.0
481 518 4.0
481 836 1.0
481 912 4.0
482 15 4.0
482 209 4.0
482 312 4.0
482 771 4.0
482 814 2.0
483 185 2.0
483 505 3.0
483 520 2.0
483 689 4.0
483 915 3.0
484 33 4.0
484 96 2.0
484 97 3.0
484 130 3.0
484 183 4.0
484 206 1.0
484 463 4.0
484 481 2.0
484 518 4.0
484 797 4.0
484 836 1.0
484 921 3.0
485 341 4.0
485 423 2.0
485 535 4.0
485 592 4.0
485 647 2.0
485 723 1.0
485 941 3.0
485 1021 3.0
486 295 1.0
486 399 1.0
486 557 3.0
486 914 4.0
486 987 3.0
487 243 3.0
487 629 4.0
487 867 4.0
487 983 3.0
488 31 2.0
488 266 4.0
488 270 3.0
488 382 1.0
488 408 4.0
488 421 2.0
488 494 4.0
488 556 4.0
488 580 3.0
488 630 4.0
488 725 4.0
488 924 1.0
488 977 4.0
489 93 3.0
489 470 3.0
489 984 4.0
490 71 2.0
490 188 3.0
490 199 4.0
490 688 3.0
490 820 3.0
490 834 2.0
491 106 4.0
491 304 4.0
491 372 3.0
491 618 1.0
491 687 4.0
491 741 4.0
491 812 4.0
491 917 2.0
492 44 4.0
492 48 1.0
492 155 4.0
492 247 1.0
492 368 1.0
492 568 4.0
492 835 2.0
493 260 4.0
493 418 3.0
493 436 4.0
493 684 4.0
493 751 4.0
493 767 3.0
493 777 4.0
493 963 3.0
494 74 4.0
494 270 1.0
494 408 3.0
494 421 2.0
494 488 4.0
494 531 4.0
494 580 4.0
494 962 2.0
494 977 3.0
495 327 4.0
495 959 4.0
495 967 4.0
496 367 3.0
496 737 3.0
496 860 4.0
496 862 3.0
496 942 1.0
496 953 2.0
496 961 4.0
497 380 1.0
497 441 3.0
497 654 4.0
497 796 2.0
497 874 4.0
497 980 4.0
497 998 2.0
498 331 0.0
498 353 4.0
498 431 4.0
498 558 1.0
498 655 3.0
498 742 1.0
498 799 1.0
498 826 3.0
498 950 4.0
498 972 4.0
498 1008 3.0
499 104 3.0
499 173 2.0
499 510 2.0
499 585 3.0
499 793 3.0
500 66 3.0
500 281 3.0
500 467 3.0
500 728 4.0
500 990 3.0
501 69 3.0
501 149 4.0
501 222 2.0
501 643 3.0
501 695 2.0
501 740 4.0
501 832 4.0
501 932 4.0
501 966 4.0
501 1002 1.0
502 263 1.0
502 465 4.0
502 504 1.0
502 562 1.0
502 635 3.0
503 41 4.0
503 235 3.0
503 349 4.0
503 381 3.0
503 623 3.0
503 631 2.0
504 263 2.0
504 465 4.0
504 502 1.0
504 562 2.0
504 635 3.0
504 693 4.0
505 185 2.0
505 223 3.0
505 380 4.0
505 441 3.0
505 483 3.0
505 782 4.0
505 796 4.0
506 449 2.0
506 509 0.0
506 568 3.0
506 641 4.0
506 769 3.0
506 866 3.0
507 330 1.0
507 651 4.0
507 788 4.0
508 117 4.0
508 125 3.0
508 216 2.0
508 218 3.0
508 272 2.0
508 273 4.0
508 332 2.0
508 612 1.0
508 669 4.0
508 717 1.0
508 739 2.0
508 779 4.0
508 840 2.0
509 449 2.0
509 506 0.0
509 568 3.0
509 641 4.0
509 769 3.0
509 866 3.0
510 122 3.0
510 173 4.0
510 499 2.0
510 585 4.0
510 708 4.0
511 306 4.0
511 480 2.0
511 772 1.0
511 843 4.0
511 991 4.0
511 1003 4.0
512 9 2.0
512 70 4.0
512 532 4.0
512 755 4.0
512 790 4.0
512 827 2.0
513 72 2.0
513 84 4.0
513 116 4.0
513 144 4.0
513 175 3.0
513 435 4.0
513 634 3.0
513 677 3.0
513 746 4.0
514 376 2.0
514 536 4.0
514 593 3.0
514 606 3.0
514 616 2.0
514 908 4.0
514 985 1.0
514 1006 3.0
515 205 4.0
515 436 4.0
515 701 2.0
516 228 3.0
516 249 4.0
516 293 3.0
516 385 4.0
516 406 4.0
516 662 4.0
516 778 4.0
516 784 2.0
516 898 4.0
516 911 2.0
517 5 3.0
517 58 2.0
517 286 2.0
517 347 2.0
517 649 1.0
518 96 3.0
518 97 2.0
518 183 4.0
518 206 4.0
518 214 4.0
518 481 4.0
518 484 4.0
518 633 4.0
518 836 4.0
518 912 4.0
518 937 4.0
518 996 4.0
519 94 1.0
519 651 4.0
519 788 4.0
519 991 3.0
520 60 4.0
520 149 4.0
520 185 4.0
520 255 4.0
520 483 2.0
520 689 2.0
520 915 4.0
521 257 2.0
521 276 0.0
521 363 4.0
521 369 1.0
521 401 2.0
521 815 4.0
522 88 3.0
522 292 4.0
522 596 2.0
522 647 4.0
522 781 2.0
522 920 4.0
522 922 4.0
522 989 3.0
522 1018 3.0
522 1021 4.0
523 440 1.0
523 846 4.0
523 857 2.0
524 315 3.0
524 328 3.0
524 404 2.0
524 410 1.0
525 220 2.0
525 414 2.0
525 600 2.0
525 681 4.0
525 716 4.0
525 919 4.0
526 124 1.0
526 312 4.0
526 339 1.0
526 422 4.0
526 454 1.0
526 674 2.0
526 771 2.0
526 888 4.0
526 965 3.0
526 992 4.0
527 575 3.0
527 702 3.0
527 760 3.0
527 865 3.0
527 906 4.0
528 184 4.0
528 190 2.0
528 400 4.0
528 462 2.0
528 547 2.0
529 217 3.0
529 309 4.0
529 585 4.0
529 743 2.0
529 791 2.0
529 792 3.0
529 979 3.0
530 232 3.0
530 318 4.0
530 337 3.0
530 420 4.0
530 426 4.0
530 429 4.0
530 697 1.0
530 848 1.0
530 886 4.0
530 986 4.0
530 1011 4.0
531 31 4.0
531 377 3.0
531 494 4.0
531 580 2.0
531 630 2.0
531 632 4.0
531 645 3.0
532 137 4.0
532 326 4.0
532 386 1.0
532 512 4.0
532 755 1.0
532 827 3.0
533 0 4.0
533 39 3.0
533 82 2.0
533 141 4.0
533 443 4.0
533 451 1.0
533 476 3.0
533 546 4.0
533 636 3.0
533 803 2.0
533 817 3.0
533 858 4.0
533 938 3.0
533 952 4.0
533 976 4.0
534 280 2.0
534 595 4.0
535 88 4.0
535 341 2.0
535 485 4.0
535 702 4.0
535 920 3.0
535 941 2.0
535 944 2.0
535 1021 2.0
535 1023 2.0
536 361 3.0
536 514 4.0
536 606 1.0
536 908 4.0
536 1006 3.0
537 140 2.0
537 255 4.0
537 434 2.0
537 692 4.0
537 846 3.0
537 932 4.0
538 758 4.0
538 1014 0.0
538 1019 4.0
539 603 3.0
539 994 4.0
539 1004 4.0
540 27 4.0
540 231 1.0
540 371 4.0
540 682 3.0
540 774 1.0
541 150 4.0
541 188 4.0
541 311 1.0
541 427 4.0
541 760 4.0
541 865 3.0
542 273 2.0
542 332 4.0
542 576 4.0
542 612 4.0
543 41 1.0
543 235 4.0
543 631 4.0
543 755 4.0
543 768 1.0
543 827 4.0
544 14 1.0
544 36 4.0
544 278 1.0
544 387 2.0
544 477 2.0
544 939 4.0
544 997 4.0
545 404 4.0
545 590 3.0
545 676 4.0
546 39 4.0
546 82 2.0
546 141 3.0
546 146 2.0
546 184 4.0
546 400 3.0
546 443 3.0
546 451 4.0
546 533 4.0
546 690 4.0
546 713 1.0
546 720 4.0
546 817 2.0
546 877 1.0
546 901 4.0
546 938 2.0
546 952 1.0
547 127 3.0
547 146 4.0
547 184 2.0
547 190 4.0
547 400 4.0
547 462 4.0
547 528 2.0
547 824 3.0
548 111 4.0
548 167 4.0
548 232 3.0
548 238 2.0
548 420 1.0
548 429 2.0
548 599 4.0
548 876 2.0
548 907 4.0
548 957 4.0
549 198 4.0
549 279 1.0
549 388 4.0
549 646 4.0
549 818 2.0
549 895 3.0
550 378 3.0
550 684 3.0
550 703 0.0
550 751 4.0
550 923 4.0
551 20 1.0
551 239 1.0
551 652 1.0
551 863 3.0
551 933 1.0
552 22 2.0
552 35 4.0
552 90 4.0
552 180 3.0
552 650 4.0
552 715 4.0
552 801 1.0
552 889 2.0
553 128 3.0
553 240 4.0
553 597 4.0
553 692 4.0
553 699 4.0
553 903 3.0
554 474 0.0
554 658 4.0
554 821 4.0
554 995 3.0
555 343 4.0
555 393 4.0
555 574 4.0
555 756 3.0
555 770 2.0
555 872 4.0
555 981 4.0
556 31 2.0
556 112 4.0
556 266 4.0
556 382 3.0
556 488 4.0
556 580 4.0
556 630 4.0
556 645 4.0
556 924 4.0
557 148 3.0
557 295 2.0
557 399 2.0
557 458 4.0
557 486 3.0
557 709 2.0
557 798 2.0
557 914 4.0
558 331 1.0
558 431 4.0
558 498 1.0
558 581 4.0
558 655 3.0
558 673 4.0
558 742 2.0
558 799 1.0
558 826 3.0
558 950 3.0
558 972 4.0
558 1008 4.0
559 121 2.0
559 181 2.0
559 243 4.0
559 305 4.0
559 664 3.0
559 867 3.0
559 949 1.0
560 111 2.0
560 309 4.0
560 479 3.0
560 653 3.0
560 675 4.0
560 892 3.0
560 907 3.0
561 120 1.0
561 299 2.0
561 396 2.0
561 455 3.0
561 629 4.0
561 787 0.0
561 819 2.0
561 896 2.0
562 263 2.0
562 465 4.0
562 502 1.0
562 504 2.0
562 635 3.0
563 12 4.0
563 221 3.0
563 831 3.0
563 838 1.0
563 913 3.0
563 988 3.0
563 1007 4.0
563 1022 4.0
564 192 4.0
564 245 4.0
564 754 4.0
564 983 4.0
565 90 2.0
565 219 4.0
565 402 0.0
565 579 2.0
566 366 4.0
566 398 1.0
566 431 4.0
566 794 2.0
566 893 3.0
566 978 4.0
567 211 4.0
567 271 3.0
567 291 4.0
567 607 3.0
567 698 1.0
567 857 4.0
567 971 3.0
568 48 3.0
568 449 4.0
568 492 4.0
568 506 3.0
568 509 3.0
568 641 4.0
568 835 3.0
568 861 4.0
568 882 3.0
569 92 3.0
569 177 2.0
569 828 4.0
569 969 2.0
570 155 3.0
570 196 2.0
570 951 3.0
570 1017 4.0
571 3 1.0
571 83 4.0
571 446 2.0
572 45 3.0
572 107 4.0
572 135 4.0
572 136 4.0
572 251 3.0
572 287 4.0
572 370 1.0
572 417 2.0
573 1 4.0
573 246 4.0
573 392 4.0
573 805 2.0
573 810 3.0
574 403 3.0
574 555 4.0
574 659 2.0
574 756 3.0
574 872 4.0
574 940 3.0
575 158 4.0
575 275 4.0
575 527 3.0
575 601 2.0
575 760 4.0
575 849 3.0
575 906 3.0
576 100 4.0
576 273 3.0
576 542 4.0
576 658 3.0
577 24 2.0
577 55 4.0
577 346 4.0
577 598 2.0
577 628 1.0
577 668 4.0
577 789 4.0
577 989 4.0
578 17 3.0
578 313 1.0
578 338 2.0
578 586 3.0
578 910 4.0
578 987 4.0
579 35 4.0
579 90 2.0
579 402 2.0
579 565 2.0
579 609 4.0
579 715 3.0
579 721 4.0
580 31 2.0
580 270 4.0
580 382 4.0
580 421 3.0
580 488 3.0
580 494 4.0
580 531 2.0
580 556 4.0
580 630 1.0
580 645 3.0
580 924 4.0
581 558 4.0
581 673 0.0
581 750 2.0
581 950 2.0
581 972 4.0
582 178 2.0
582 233 2.0
582 648 1.0
582 891 4.0
583 95 4.0
583 214 4.0
583 242 3.0
583 323 4.0
583 633 4.0
583 850 4.0
583 937 3.0
584 23 3.0
584 63 4.0
584 319 4.0
584 351 2.0
584 830 3.0
585 104 4.0
585 173 4.0
585 499 3.0
585 510 4.0
585 529 4.0
585 743 3.0
585 791 4.0
585 793 4.0
586 313 4.0
586 578 3.0
587 128 4.0
587 884 2.0
588 104 4.0
588 293 4.0
588 743 4.0
588 773 2.0
588 793 4.0
588 898 3.0
589 162 4.0
589 241 3.0
589 389 3.0
589 407 2.0
589 461 1.0
589 605 4.0
589 611 2.0
589 958 4.0
590 328 3.0
590 404 3.0
590 410 4.0
590 545 3.0
590 676 3.0
590 705 4.0
590 765 4.0
591 104 3.0
591 173 3.0
591 244 4.0
591 773 4.0
591 793 3.0
592 358 2.0
592 423 2.0
592 485 4.0
592 647 2.0
592 686 4.0
592 706 4.0
592 723 3.0
592 733 1.0
592 922 3.0
593 282 4.0
593 348 3.0
593 376 2.0
593 514 3.0
593 606 4.0
593 616 4.0
593 908 2.0
593 963 4.0
593 985 3.0
593 1006 3.0
594 0 4.0
594 349 4.0
594 354 3.0
594 685 1.0
594 764 4.0
594 794 4.0
594 978 1.0
595 80 2.0
595 280 2.0
595 534 4.0
595 718 3.0
595 1000 4.0
596 88 4.0
596 292 2.0
596 522 2.0
596 668 4.0
596 781 2.0
596 920 4.0
596 989 3.0
596 1018 2.0
597 140 3.0
597 211 4.0
597 291 4.0
597 434 4.0
597 553 4.0
597 699 4.0
597 903 4.0
597 946 3.0
598 24 4.0
598 346 3.0
598 577 2.0
598 627 4.0
598 628 2.0
598 738 4.0
598 922 4.0
598 989 4.0
599 238 2.0
599 355 2.0
599 420 4.0
599 429 3.0
599 548 4.0
599 957 1.0
600 168 4.0
600 220 4.0
600 365 4.0
600 414 4.0
600 525 2.0
600 681 3.0
600 716 2.0
600 919 3.0
601 158 4.0
601 275 4.0
601 575 2.0
601 849 1.0
601 904 3.0
601 906 3.0
601 973 4.0
602 215 1.0
602 259 1.0
602 268 4.0
602 318 4.0
602 426 4.0
602 854 3.0
602 887 3.0
602 1011 4.0
603 539 3.0
603 887 4.0
603 994 1.0
603 1004 1.0
604 269 2.0
604 327 4.0
604 621 4.0
605 162 1.0
605 241 4.0
605 297 2.0
605 407 4.0
605 589 4.0
605 958 4.0
606 361 4.0
606 514 3.0
606 536 1.0
606 593 4.0
606 908 3.0
606 985 4.0
606 1006 2.0
607 271 1.0
607 567 3.0
607 698 3.0
607 971 2.0
608 37 4.0
608 62 2.0
608 68 4.0
608 113 4.0
608 194 2.0
608 374 4.0
608 437 4.0
608 873 4.0
608 897 3.0
609 579 4.0
609 715 4.0
609 721 1.0
610 7 3.0
610 114 4.0
610 132 2.0
610 317 1.0
610 750 4.0
610 869 3.0
610 950 4.0
611 241 3.0
611 389 4.0
611 407 4.0
611 461 1.0
611 589 2.0
611 640 3.0
611 958 4.0
612 125 4.0
612 216 2.0
612 218 4.0
612 272 3.0
612 273 4.0
612 332 3.0
612 508 1.0
612 542 4.0
612 669 4.0
612 717 2.0
612 739 3.0
612 779 3.0
612 840 2.0
612 945 4.0
613 65 1.0
613 84 4.0
613 116 3.0
613 166 2.0
613 208 1.0
613 262 3.0
613 435 4.0
613 660 3.0
613 746 4.0
614 21 4.0
614 26 4.0
614 468 3.0
614 870 3.0
614 999 1.0
615 131 1.0
615 172 2.0
615 274 1.0
615 336 3.0
615 430 4.0
615 736 4.0
615 880 4.0
615 936 3.0
616 376 1.0
616 514 2.0
616 593 4.0
616 985 1.0
617 134 4.0
617 156 2.0
617 322 3.0
617 352 2.0
617 714 4.0
617 719 3.0
617 844 4.0
618 106 4.0
618 372 3.0
618 491 1.0
618 741 4.0
618 812 4.0
618 917 3.0
618 1009 4.0
619 105 3.0
619 154 3.0
619 303 0.0
619 411 4.0
619 678 1.0
619 730 1.0
620 253 3.0
620 384 1.0
620 397 1.0
620 993 4.0
620 1015 3.0
621 452 4.0
621 604 4.0
621 808 4.0
622 186 3.0
622 859 4.0
622 975 4.0
623 235 2.0
623 354 3.0
623 381 0.0
623 503 3.0
623 631 2.0
623 764 4.0
624 25 4.0
624 53 4.0
624 147 4.0
624 225 2.0
624 234 4.0
624 296 4.0
624 383 4.0
624 457 2.0
624 960 3.0
624 974 2.0
625 366 3.0
626 11 4.0
626 126 1.0
626 301 1.0
626 422 4.0
626 460 4.0
626 748 4.0
626 888 3.0
627 145 3.0
627 346 2.0
627 598 4.0
627 738 1.0
627 762 2.0
627 822 3.0
627 902 4.0
627 947 1.0
628 24 2.0
628 55 4.0
628 292 4.0
628 577 1.0
628 598 2.0
628 668 3.0
628 781 4.0
628 789 3.0
628 989 4.0
628 1018 4.0
629 120 3.0
629 455 3.0
629 487 4.0
629 561 4.0
629 671 4.0
629 787 4.0
629 896 4.0
630 31 2.0
630 75 4.0
630 112 4.0
630 191 4.0
630 377 4.0
630 382 4.0
630 421 4.0
630 488 4.0
630 531 2.0
630 556 4.0
630 580 1.0
630 632 4.0
630 645 1.0
630 704 4.0
631 41 4.0
631 235 1.0
631 381 2.0
631 503 2.0
631 543 4.0
631 623 2.0
631 768 4.0
632 75 1.0
632 112 2.0
632 191 1.0
632 334 4.0
632 377 4.0
632 412 2.0
632 531 4.0
632 630 4.0
632 645 2.0
632 704 1.0
632 856 3.0
632 868 2.0
633 242 2.0
633 518 4.0
633 583 4.0
633 937 1.0
634 66 3.0
634 72 4.0
634 175 4.0
634 281 3.0
634 513 3.0
634 677 4.0
634 990 2.0
635 263 4.0
635 465 1.0
635 502 3.0
635 504 3.0
635 562 3.0
635 657 4.0
636 0 3.0
636 353 2.0
636 451 4.0
636 476 2.0
636 533 3.0
636 742 4.0
636 803 3.0
636 826 4.0
636 976 2.0
636 1008 3.0
637 16 3.0
637 33 3.0
637 40 4.0
637 63 4.0
637 289 3.0
637 351 3.0
637 463 4.0
637 797 2.0
637 830 2.0
637 921 3.0
638 13 4.0
638 21 4.0
638 26 2.0
638 468 4.0
638 795 1.0
638 999 4.0
639 385 1.0
639 406 4.0
639 439 2.0
639 473 3.0
639 784 3.0
640 135 4.0
640 461 4.0
640 611 3.0
640 680 2.0
641 449 3.0
641 506 4.0
641 509 4.0
641 568 4.0
641 861 4.0
641 866 2.0
641 882 4.0
642 35 3.0
642 227 3.0
642 715 4.0
642 763 1.0
642 879 1.0
643 69 4.0
643 151 3.0
643 195 3.0
643 222 2.0
643 284 4.0
643 433 3.0
643 501 3.0
643 695 2.0
643 1002 4.0
643 1016 4.0
644 10 4.0
644 89 4.0
644 123 2.0
644 129 3.0
644 169 1.0
644 416 4.0
644 663 1.0
644 957 4.0
644 986 2.0
645 31 3.0
645 75 3.0
645 112 3.0
645 191 3.0
645 377 4.0
645 412 4.0
645 531 3.0
645 556 4.0
645 580 3.0
645 630 1.0
645 632 2.0
645 704 3.0
645 868 4.0
646 8 4.0
646 279 3.0
646 549 4.0
646 688 4.0
646 818 4.0
647 358 3.0
647 423 2.0
647 485 2.0
647 522 4.0
647 592 2.0
647 723 1.0
647 733 4.0
647 922 4.0
647 1021 4.0
648 178 3.0
648 233 3.0
648 582 1.0
649 5 3.0
649 58 2.0
649 286 2.0
649 347 3.0
649 517 1.0
649 975 4.0
650 22 4.0
650 50 2.0
650 78 4.0
650 180 1.0
650 442 3.0
650 552 4.0
650 801 3.0
650 889 4.0
651 94 4.0
651 507 4.0
651 519 4.0
651 788 0.0
651 991 4.0
652 20 2.0
652 239 2.0
652 300 4.0
652 478 4.0
652 551 1.0
652 863 4.0
652 933 2.0
653 137 3.0
653 217 4.0
653 309 2.0
653 445 2.0
653 479 4.0
653 560 3.0
653 841 4.0
653 892 4.0
654 497 4.0
654 724 2.0
654 821 2.0
654 874 0.0
654 995 4.0
654 998 4.0
655 331 3.0
655 353 3.0
655 366 4.0
655 431 1.0
655 498 3.0
655 558 3.0
655 742 3.0
655 799 4.0
655 826 1.0
655 893 3.0
655 972 2.0
655 1008 3.0
656 153 2.0
656 300 1.0
657 70 3.0
657 207 2.0
657 234 3.0
657 465 4.0
657 635 4.0
657 693 4.0
657 790 3.0
657 1020 3.0
658 474 4.0
658 554 4.0
658 576 3.0
659 403 4.0
659 574 2.0
659 756 3.0
659 885 4.0
659 940 4.0
660 65 3.0
660 84 4.0
660 116 4.0
660 166 3.0
660 208 4.0
660 253 4.0
660 384 4.0
660 435 4.0
660 613 3.0
660 746 4.0
660 968 3.0
660 993 4.0
660 1015 4.0
661 12 4.0
661 61 1.0
661 221 4.0
661 250 3.0
661 288 4.0
662 43 2.0
662 143 4.0
662 256 2.0
662 293 2.0
662 298 2.0
662 516 4.0
662 759 2.0
662 784 3.0
662 898 3.0
663 123 3.0
663 129 3.0
663 169 2.0
663 426 4.0
663 644 1.0
663 957 4.0
663 986 1.0
664 121 4.0
664 181 4.0
664 203 4.0
664 262 4.0
664 305 1.0
664 450 3.0
664 559 3.0
664 949 4.0
665 106 4.0
665 164 0.0
665 170 1.0
665 373 2.0
665 472 2.0
665 741 4.0
665 761 2.0
665 775 3.0
665 845 3.0
665 926 2.0
665 956 4.0
665 997 4.0
666 44 2.0
666 99 2.0
666 694 4.0
667 103 1.0
667 336 4.0
667 430 3.0
667 467 4.0
667 728 3.0
667 871 1.0
668 24 4.0
668 51 4.0
668 197 4.0
668 292 1.0
668 577 4.0
668 596 4.0
668 628 3.0
668 765 4.0
668 781 3.0
668 789 3.0
668 989 3.0
668 1018 2.0
669 216 3.0
669 272 4.0
669 508 4.0
669 612 4.0
669 737 3.0
669 739 4.0
669 779 2.0
669 840 2.0
669 860 4.0
669 862 4.0
669 945 4.0
670 127 2.0
670 184 4.0
670 413 4.0
670 734 4.0
670 745 3.0
670 824 2.0
670 884 4.0
671 105 4.0
671 629 4.0
671 754 3.0
671 983 4.0
672 80 4.0
672 91 4.0
672 187 3.0
673 558 4.0
673 581 0.0
673 750 2.0
673 950 2.0
673 972 4.0
674 124 3.0
674 126 4.0
674 312 3.0
674 339 3.0
674 422 3.0
674 454 3.0
674 526 2.0
674 771 2.0
674 888 2.0
674 965 2.0
675 138 2.0
675 232 4.0
675 309 4.0
675 337 3.0
675 363 4.0
675 479 1.0
675 560 4.0
675 792 4.0
675 886 2.0
675 907 2.0
675 979 3.0
676 158 2.0
676 275 2.0
676 469 4.0
676 545 4.0
676 590 3.0
676 705 4.0
677 72 1.0
677 84 4.0
677 144 2.0
677 175 0.0
677 229 4.0
677 435 4.0
677 513 3.0
677 634 4.0
677 746 4.0
677 935 3.0
678 105 4.0
678 110 4.0
678 154 3.0
678 303 1.0
678 411 4.0
678 619 1.0
678 730 3.0
678 839 4.0
679 46 4.0
679 943 4.0
680 135 2.0
680 136 3.0
680 640 2.0
681 110 3.0
681 236 2.0
681 365 4.0
681 478 3.0
681 525 4.0
681 600 3.0
681 839 4.0
681 919 1.0
682 27 3.0
682 95 4.0
682 148 4.0
682 231 3.0
682 323 4.0
682 458 3.0
682 540 3.0
682 774 3.0
683 118 0.0
683 204 4.0
683 248 3.0
683 875 2.0
683 954 3.0
683 970 4.0
684 378 3.0
684 493 4.0
684 550 3.0
684 703 3.0
684 751 2.0
685 0 4.0
685 349 4.0
685 354 4.0
685 476 4.0
685 594 1.0
685 764 4.0
685 794 4.0
685 978 1.0
686 592 4.0
686 733 3.0
686 738 4.0
686 762 4.0
686 984 4.0
687 304 2.0
687 310 1.0
687 452 4.0
687 491 4.0
687 917 4.0
687 928 2.0
688 71 4.0
688 188 3.0
688 279 4.0
688 490 3.0
688 646 4.0
688 820 3.0
688 834 4.0
689 52 3.0
689 60 1.0
689 149 4.0
689 185 4.0
689 195 4.0
689 483 4.0
689 520 2.0
689 853 3.0
689 864 3.0
690 28 3.0
690 119 4.0
690 146 2.0
690 184 4.0
690 226 4.0
690 443 4.0
690 546 4.0
690 713 2.0
690 720 1.0
690 877 2.0
690 901 2.0
690 938 4.0
690 952 3.0
691 199 2.0
691 283 4.0
691 834 4.0
691 855 2.0
691 878 4.0
691 894 4.0
692 140 4.0
692 308 4.0
692 434 2.0
692 537 4.0
692 553 4.0
692 740 4.0
692 932 3.0
692 966 4.0
693 70 4.0
693 349 4.0
693 504 4.0
693 657 4.0
693 790 4.0
693 1020 2.0
694 99 3.0
694 666 4.0
694 700 3.0
694 931 4.0
695 69 2.0
695 151 4.0
695 222 0.0
695 284 4.0
695 433 4.0
695 501 2.0
695 643 2.0
695 802 4.0
695 832 4.0
695 966 4.0
695 1002 4.0
696 150 2.0
696 883 4.0
697 232 3.0
697 318 4.0
697 337 2.0
697 363 4.0
697 530 1.0
697 848 1.0
697 886 3.0
697 907 4.0
697 1011 4.0
698 211 3.0
698 271 2.0
698 291 3.0
698 567 1.0
698 607 3.0
698 857 4.0
698 946 4.0
698 971 4.0
699 34 4.0
699 101 4.0
699 128 4.0
699 211 4.0
699 240 3.0
699 291 4.0
699 553 4.0
699 597 4.0
699 842 3.0
699 903 2.0
699 946 4.0
699 948 4.0
700 139 4.0
700 171 4.0
700 694 3.0
701 205 4.0
701 388 3.0
701 515 2.0
701 818 4.0
702 88 4.0
702 427 4.0
702 527 3.0
702 535 4.0
702 865 3.0
702 920 3.0
702 944 4.0
702 1023 4.0
703 378 3.0
703 550 0.0
703 684 3.0
703 751 4.0
703 923 4.0
704 75 1.0
704 112 1.0
704 191 1.0
704 334 4.0
704 412 1.0
704 630 4.0
704 632 1.0
704 645 3.0
704 856 4.0
704 868 2.0
705 158 3.0
705 197 4.0
705 275 3.0
705 469 1.0
705 590 4.0
705 676 4.0
705 765 2.0
706 423 3.0
706 471 3.0
706 592 4.0
706 723 4.0
706 733 4.0
707 355 4.0
707 462 4.0
708 87 1.0
708 122 1.0
708 257 3.0
708 510 4.0
709 148 4.0
709 295 4.0
709 324 4.0
709 399 4.0
709 557 2.0
709 798 1.0
709 914 4.0
709 955 4.0
710 115 1.0
710 119 4.0
710 174 1.0
710 413 3.0
710 447 1.0
710 734 4.0
710 837 4.0
711 62 4.0
711 113 3.0
711 121 4.0
711 194 4.0
712 32 2.0
712 38 2.0
712 163 3.0
712 179 4.0
712 344 2.0
712 415 1.0
712 471 3.0
712 783 3.0
712 1005 1.0
713 28 4.0
713 82 3.0
713 141 4.0
713 146 1.0
713 184 4.0
713 400 4.0
713 443 3.0
713 546 1.0
713 690 2.0
713 720 3.0
713 817 4.0
713 877 0.0
713 901 3.0
713 938 2.0
713 952 1.0
714 98 4.0
714 290 4.0
714 424 3.0
714 617 4.0
714 719 2.0
714 829 4.0
714 844 0.0
714 905 3.0
715 35 1.0
715 90 4.0
715 227 2.0
715 552 4.0
715 579 3.0
715 609 4.0
715 642 4.0
716 168 3.0
716 365 4.0
716 371 4.0
716 525 4.0
716 600 2.0
716 919 4.0
717 117 4.0
717 125 2.0
717 216 2.0
717 218 2.0
717 272 2.0
717 273 4.0
717 332 2.0
717 508 1.0
717 612 2.0
717 739 2.0
717 779 4.0
717 840 3.0
718 280 4.0
718 595 3.0
718 736 3.0
718 1000 1.0
719 156 4.0
719 352 4.0
719 617 3.0
719 714 2.0
719 770 4.0
719 844 2.0
719 905 2.0
719 981 4.0
720 28 2.0
720 119 3.0
720 146 3.0
720 226 3.0
720 443 4.0
720 546 4.0
720 690 1.0
720 713 3.0
720 877 3.0
720 901 1.0
720 938 4.0
720 952 4.0
721 579 4.0
721 609 1.0
722 67 4.0
722 152 1.0
722 200 4.0
722 233 4.0
722 726 1.0
722 891 2.0
722 900 3.0
722 927 4.0
723 358 4.0
723 423 1.0
723 485 1.0
723 592 3.0
723 647 1.0
723 706 4.0
723 733 4.0
723 941 4.0
723 1021 4.0
724 654 2.0
724 821 3.0
724 874 2.0
725 266 1.0
725 382 4.0
725 488 4.0
725 924 3.0
726 67 3.0
726 152 2.0
726 178 4.0
726 233 3.0
726 722 1.0
726 891 1.0
726 900 4.0
727 339 4.0
727 875 4.0
727 954 2.0
727 970 2.0
727 992 2.0
728 66 4.0
728 103 2.0
728 430 3.0
728 467 1.0
728 500 4.0
728 667 3.0
728 871 2.0
728 990 4.0
729 189 3.0
729 198 3.0
729 360 3.0
729 752 3.0
729 807 4.0
729 895 4.0
730 105 2.0
730 154 4.0
730 303 1.0
730 619 1.0
730 678 3.0
730 754 4.0
731 209 4.0
731 409 2.0
731 837 3.0
732 18 2.0
732 81 4.0
732 308 3.0
732 740 4.0
732 832 4.0
733 358 3.0
733 423 3.0
733 592 1.0
733 647 4.0
733 686 3.0
733 706 4.0
733 723 4.0
733 922 4.0
734 115 4.0
734 119 2.0
734 174 4.0
734 413 1.0
734 447 3.0
734 670 4.0
734 710 4.0
734 745 3.0
735 83 4.0
735 157 2.0
735 316 4.0
735 890 3.0
735 916 3.0
735 943 4.0
736 172 4.0
736 274 4.0
736 615 4.0
736 718 3.0
736 936 2.0
736 1000 2.0
737 277 4.0
737 367 4.0
737 496 3.0
737 669 3.0
737 779 3.0
737 840 4.0
737 860 3.0
737 862 2.0
737 942 4.0
737 945 3.0
737 953 4.0
738 145 4.0
738 346 4.0
738 358 4.0
738 598 4.0
738 627 1.0
738 686 4.0
738 762 1.0
738 822 4.0
738 922 4.0
738 947 2.0
739 117 3.0
739 125 3.0
739 216 1.0
739 218 4.0
739 272 0.0
739 332 4.0
739 508 2.0
739 612 3.0
739 669 4.0
739 717 2.0
739 779 4.0
739 840 2.0
740 69 3.0
740 308 1.0
740 501 4.0
740 692 4.0
740 732 4.0
740 832 1.0
740 932 2.0
740 966 1.0
741 106 1.0
741 164 4.0
741 170 4.0
741 324 3.0
741 372 1.0
741 491 4.0
741 618 4.0
741 665 4.0
741 761 2.0
741 812 1.0
741 917 3.0
741 956 1.0
742 331 1.0
742 353 3.0
742 431 4.0
742 498 1.0
742 558 2.0
742 636 4.0
742 655 3.0
742 799 2.0
742 826 2.0
742 972 4.0
742 976 4.0
742 1008 1.0
743 217 3.0
743 529 2.0
743 585 3.0
743 588 4.0
743 791 4.0
743 841 4.0
744 165 3.0
744 249 4.0
744 296 3.0
744 379 1.0
744 394 3.0
744 406 3.0
744 786 2.0
744 960 4.0
745 413 2.0
745 670 3.0
745 734 3.0
745 884 4.0
746 65 2.0
746 72 4.0
746 84 0.0
746 116 1.0
746 144 4.0
746 175 4.0
746 208 4.0
746 229 3.0
746 253 4.0
746 435 1.0
746 513 4.0
746 613 4.0
746 660 4.0
746 677 4.0
746 993 3.0
747 6 2.0
747 212 3.0
747 267 2.0
747 357 3.0
747 804 4.0
747 816 3.0
747 913 4.0
747 925 2.0
748 11 2.0
748 23 3.0
748 301 4.0
748 319 4.0
748 453 4.0
748 460 4.0
748 626 4.0
749 27 4.0
749 480 3.0
749 928 4.0
749 955 4.0
749 1003 1.0
750 581 2.0
750 610 4.0
750 673 2.0
750 950 4.0
751 418 4.0
751 493 4.0
751 550 4.0
751 684 2.0
751 703 4.0
751 777 4.0
752 189 2.0
752 729 3.0
752 804 4.0
752 807 2.0
753 16 2.0
753 109 2.0
753 289 3.0
753 319 3.0
753 830 4.0
754 105 2.0
754 564 4.0
754 671 3.0
754 730 4.0
755 41 4.0
755 137 4.0
755 386 2.0
755 512 4.0
755 532 1.0
755 543 4.0
755 768 4.0
755 827 2.0
756 343 3.0
756 393 3.0
756 555 3.0
756 574 3.0
756 659 3.0
757 10 3.0
757 81 3.0
757 86 3.0
757 123 4.0
757 169 4.0
757 182 4.0
757 416 1.0
758 108 2.0
758 176 4.0
758 538 4.0
758 823 3.0
758 1014 4.0
758 1019 1.0
759 42 4.0
759 43 2.0
759 143 2.0
759 244 4.0
759 256 1.0
759 293 4.0
759 298 2.0
759 662 2.0
759 898 4.0
760 311 4.0
760 527 3.0
760 541 4.0
760 575 4.0
760 849 4.0
760 865 3.0
760 906 2.0
761 106 2.0
761 164 2.0
761 170 3.0
761 324 3.0
761 372 4.0
761 373 4.0
761 472 3.0
761 665 2.0
761 741 2.0
761 812 3.0
761 845 4.0
761 926 4.0
761 956 1.0
762 145 4.0
762 346 4.0
762 627 2.0
762 686 4.0
762 738 1.0
762 822 3.0
762 947 1.0
763 35 4.0
763 227 4.0
763 642 1.0
763 879 1.0
764 39 4.0
764 354 2.0
764 381 4.0
764 391 2.0
764 594 4.0
764 623 4.0
764 685 4.0
765 51 3.0
765 197 2.0
765 328 4.0
765 469 2.0
765 590 4.0
765 668 4.0
765 705 2.0
765 789 4.0
766 142 2.0
766 321 4.0
766 342 2.0
766 780 2.0
767 260 2.0
767 418 1.0
767 436 1.0
767 493 3.0
767 777 2.0
768 41 1.0
768 543 1.0
768 631 4.0
768 755 4.0
768 827 3.0
769 362 4.0
769 449 3.0
769 466 3.0
769 506 3.0
769 509 3.0
769 866 4.0
769 1017 4.0
770 555 2.0
770 719 4.0
770 872 3.0
770 905 4.0
770 981 2.0
771 124 2.0
771 312 1.0
771 339 4.0
771 454 2.0
771 482 4.0
771 526 2.0
771 674 2.0
771 888 4.0
771 965 1.0
772 306 4.0
772 480 3.0
772 511 1.0
772 843 4.0
772 991 3.0
773 104 2.0
773 173 4.0
773 293 4.0
773 588 2.0
773 591 4.0
773 793 2.0
773 898 3.0
774 27 4.0
774 231 2.0
774 371 3.0
774 540 1.0
774 682 3.0
775 59 4.0
775 164 3.0
775 170 3.0
775 320 4.0
775 373 2.0
775 472 3.0
775 477 4.0
775 665 3.0
775 845 4.0
775 926 2.0
775 997 2.0
776 166 4.0
776 437 1.0
776 968 2.0
777 260 4.0
777 418 1.0
777 436 1.0
777 493 4.0
777 751 4.0
777 767 2.0
778 228 2.0
778 249 2.0
778 326 2.0
778 406 4.0
778 516 4.0
778 786 4.0
778 911 3.0
779 216 3.0
779 272 4.0
779 277 4.0
779 508 4.0
779 612 3.0
779 669 2.0
779 717 4.0
779 737 3.0
779 739 4.0
779 840 2.0
779 862 4.0
779 945 2.0
780 142 2.0
780 285 4.0
780 321 4.0
780 342 4.0
780 766 2.0
781 292 2.0
781 358 4.0
781 522 2.0
781 596 2.0
781 628 4.0
781 668 3.0
781 922 4.0
781 989 1.0
781 1018 1.0
782 223 3.0
782 441 3.0
782 505 4.0
783 32 4.0
783 38 4.0
783 163 3.0
783 179 3.0
783 344 4.0
783 415 4.0
783 712 3.0
783 1005 4.0
784 256 4.0
784 293 4.0
784 385 2.0
784 406 4.0
784 516 2.0
784 639 3.0
784 662 3.0
784 911 4.0
785 254 3.0
785 314 2.0
785 405 3.0
785 988 3.0
785 1007 1.0
785 1013 2.0
785 1022 4.0
786 25 3.0
786 53 4.0
786 249 3.0
786 296 1.0
786 326 4.0
786 379 3.0
786 406 3.0
786 744 2.0
786 778 4.0
786 911 4.0
787 120 1.0
787 299 2.0
787 396 2.0
787 455 3.0
787 561 0.0
787 629 4.0
787 819 2.0
787 896 2.0
788 94 4.0
788 507 4.0
788 519 4.0
788 651 0.0
788 991 4.0
789 24 2.0
789 51 2.0
789 55 4.0
789 197 3.0
789 224 2.0
789 292 4.0
789 438 4.0
789 577 4.0
789 628 3.0
789 668 3.0
789 765 4.0
790 9 4.0
790 70 0.0
790 207 4.0
790 234 4.0
790 512 4.0
790 657 3.0
790 693 4.0
790 1020 2.0
791 138 4.0
791 257 4.0
791 529 2.0
791 585 4.0
791 743 4.0
791 792 1.0
791 979 3.0
792 138 3.0
792 257 4.0
792 363 4.0
792 479 4.0
792 529 3.0
792 675 4.0
792 791 1.0
792 979 2.0
793 104 0.0
793 173 1.0
793 499 3.0
793 585 4.0
793 588 4.0
793 591 3.0
793 773 2.0
794 398 2.0
794 431 4.0
794 566 2.0
794 594 4.0
794 685 4.0
794 893 4.0
794 978 3.0
795 26 3.0
795 364 4.0
795 638 1.0
796 380 1.0
796 441 3.0
796 497 2.0
796 505 4.0
796 980 2.0
796 998 3.0
797 16 4.0
797 33 1.0
797 40 4.0
797 96 4.0
797 206 4.0
797 289 3.0
797 463 4.0
797 484 4.0
797 637 2.0
797 830 4.0
797 921 1.0
798 148 3.0
798 295 4.0
798 324 4.0
798 399 4.0
798 458 4.0
798 557 2.0
798 709 1.0
798 955 4.0
799 331 1.0
799 498 1.0
799 558 1.0
799 655 4.0
799 742 2.0
799 826 4.0
799 950 3.0
799 1008 4.0
800 6 3.0
800 159 2.0
800 804 3.0
800 807 4.0
800 913 4.0
800 925 4.0
801 22 1.0
801 78 4.0
801 90 4.0
801 180 2.0
801 442 4.0
801 552 1.0
801 650 3.0
801 889 3.0
802 54 2.0
802 69 4.0
802 151 4.0
802 182 4.0
802 222 4.0
802 284 3.0
802 695 4.0
803 82 4.0
803 325 3.0
803 443 3.0
803 451 3.0
803 476 4.0
803 533 2.0
803 636 3.0
803 817 4.0
803 858 3.0
803 938 3.0
803 952 4.0
803 976 2.0
804 6 3.0
804 159 4.0
804 747 4.0
804 752 4.0
804 800 3.0
804 807 2.0
804 816 4.0
804 925 4.0
805 246 1.0
805 392 2.0
805 573 2.0
806 5 4.0
806 230 2.0
806 859 3.0
806 975 4.0
807 159 3.0
807 189 4.0
807 729 4.0
807 752 2.0
807 800 4.0
807 804 2.0
808 327 2.0
808 621 4.0
808 959 4.0
808 967 2.0
809 36 2.0
809 226 4.0
809 258 1.0
809 325 3.0
809 858 3.0
810 1 3.0
810 139 3.0
810 171 4.0
810 573 3.0
810 942 4.0
811 55 3.0
811 73 1.0
811 237 4.0
811 438 4.0
812 106 2.0
812 304 4.0
812 324 2.0
812 372 1.0
812 491 4.0
812 618 4.0
812 741 1.0
812 761 3.0
812 917 2.0
812 956 1.0
813 203 4.0
813 210 3.0
813 350 1.0
814 15 1.0
814 209 3.0
814 312 4.0
814 375 3.0
814 409 4.0
814 482 2.0
815 138 4.0
815 276 4.0
815 363 2.0
815 369 2.0
815 401 3.0
815 521 4.0
815 854 4.0
816 6 4.0
816 212 2.0
816 357 4.0
816 747 3.0
816 804 4.0
816 923 4.0
817 39 2.0
817 82 1.0
817 141 1.0
817 146 4.0
817 400 3.0
817 443 4.0
817 451 2.0
817 533 3.0
817 546 2.0
817 713 4.0
817 803 4.0
817 877 4.0
817 938 3.0
817 952 3.0
818 279 2.0
818 388 3.0
818 549 2.0
818 646 4.0
818 701 4.0
819 120 3.0
819 299 4.0
819 396 1.0
819 561 2.0
819 787 2.0
819 896 1.0
820 360 4.0
820 490 3.0
820 688 3.0
820 834 3.0
820 895 4.0
821 474 4.0
821 554 4.0
821 654 2.0
821 724 3.0
821 874 2.0
821 995 2.0
822 85 4.0
822 145 2.0
822 316 2.0
822 346 4.0
822 627 3.0
822 738 4.0
822 762 3.0
822 890 4.0
822 902 3.0
822 947 2.0
823 108 1.0
823 176 4.0
823 265 4.0
823 758 3.0
823 1019 3.0
824 127 0.0
824 184 3.0
824 547 3.0
824 670 2.0
824 884 4.0
825 335 2.0
825 890 4.0
825 916 3.0
826 331 3.0
826 353 2.0
826 431 1.0
826 498 3.0
826 558 3.0
826 636 4.0
826 655 1.0
826 742 2.0
826 799 4.0
826 893 4.0
826 972 3.0
826 1008 2.0
827 9 4.0
827 41 4.0
827 386 4.0
827 512 2.0
827 532 3.0
827 543 4.0
827 755 2.0
827 768 3.0
828 569 4.0
829 98 0.0
829 290 4.0
829 407 4.0
829 424 3.0
829 714 4.0
829 844 4.0
829 905 4.0
830 16 2.0
830 63 4.0
830 289 3.0
830 319 4.0
830 351 2.0
830 584 3.0
830 637 2.0
830 753 4.0
830 797 4.0
831 12 1.0
831 47 4.0
831 221 2.0
831 250 4.0
831 288 3.0
831 563 3.0
831 838 1.0
831 988 4.0
831 1022 4.0
832 69 2.0
832 222 4.0
832 308 2.0
832 501 4.0
832 695 4.0
832 732 4.0
832 740 1.0
832 932 3.0
832 966 1.0
833 13 4.0
833 56 4.0
833 204 4.0
833 252 2.0
833 364 2.0
834 71 4.0
834 199 3.0
834 490 2.0
834 688 4.0
834 691 4.0
834 820 3.0
835 48 1.0
835 155 3.0
835 247 3.0
835 368 3.0
835 492 2.0
835 568 3.0
836 96 4.0
836 97 4.0
836 130 2.0
836 183 3.0
836 206 3.0
836 463 4.0
836 481 1.0
836 484 1.0
836 518 4.0
836 921 4.0
837 115 2.0
837 119 4.0
837 174 2.0
837 209 4.0
837 409 3.0
837 447 3.0
837 710 4.0
837 731 3.0
838 12 3.0
838 47 4.0
838 221 2.0
838 250 4.0
838 288 4.0
838 563 1.0
838 831 1.0
838 913 4.0
838 988 3.0
838 1022 4.0
839 110 2.0
839 365 1.0
839 478 4.0
839 678 4.0
839 681 4.0
839 919 3.0
840 125 4.0
840 216 1.0
840 272 2.0
840 332 4.0
840 508 2.0
840 612 2.0
840 669 2.0
840 717 3.0
840 737 4.0
840 739 2.0
840 779 2.0
840 945 4.0
841 137 4.0
841 217 2.0
841 309 4.0
841 445 3.0
841 653 4.0
841 743 4.0
842 34 2.0
842 101 1.0
842 211 4.0
842 240 4.0
842 291 4.0
842 699 3.0
842 903 4.0
842 948 3.0
843 306 1.0
843 452 4.0
843 511 4.0
843 772 4.0
844 98 4.0
844 290 4.0
844 424 3.0
844 617 4.0
844 714 0.0
844 719 2.0
844 829 4.0
844 905 3.0
845 106 4.0
845 164 3.0
845 170 1.0
845 373 2.0
845 665 3.0
845 761 4.0
845 775 4.0
845 926 2.0
845 997 4.0
845 1012 3.0
846 140 3.0
846 434 4.0
846 440 4.0
846 523 4.0
846 537 3.0
846 857 4.0
847 202 2.0
847 419 3.0
848 232 4.0
848 318 3.0
848 337 3.0
848 426 4.0
848 530 1.0
848 697 1.0
848 886 4.0
848 1011 3.0
849 193 4.0
849 575 3.0
849 601 1.0
849 760 4.0
849 904 3.0
849 906 2.0
849 973 3.0
850 95 3.0
850 97 4.0
850 214 1.0
850 323 3.0
850 583 4.0
850 996 2.0
851 455 4.0
852 59 3.0
852 102 2.0
852 295 4.0
852 399 4.0
852 472 4.0
852 914 1.0
853 30 4.0
853 52 1.0
853 60 2.0
853 195 2.0
853 201 3.0
853 689 3.0
853 864 1.0
853 1016 2.0
854 215 2.0
854 259 3.0
854 318 3.0
854 426 4.0
854 602 3.0
854 815 4.0
854 887 4.0
854 1011 3.0
855 133 4.0
855 199 4.0
855 691 2.0
855 878 2.0
856 75 2.0
856 191 2.0
856 334 1.0
856 377 4.0
856 412 4.0
856 632 3.0
856 704 4.0
856 868 1.0
857 211 4.0
857 291 4.0
857 440 1.0
857 523 2.0
857 567 4.0
857 698 4.0
857 846 4.0
857 946 3.0
858 226 4.0
858 258 3.0
858 325 2.0
858 443 2.0
858 533 4.0
858 803 3.0
858 809 3.0
858 901 4.0
858 938 3.0
858 952 4.0
858 976 4.0
859 5 4.0
859 58 4.0
859 230 3.0
859 286 4.0
859 622 4.0
859 806 3.0
859 975 1.0
860 139 4.0
860 171 2.0
860 496 4.0
860 669 4.0
860 737 3.0
860 862 1.0
860 942 3.0
861 568 4.0
861 641 4.0
861 882 2.0
862 171 3.0
862 496 3.0
862 669 4.0
862 737 2.0
862 779 4.0
862 860 1.0
862 942 3.0
863 20 3.0
863 239 3.0
863 551 3.0
863 652 4.0
863 933 3.0
864 30 4.0
864 52 0.0
864 60 2.0
864 195 3.0
864 201 3.0
864 333 4.0
864 689 3.0
864 853 1.0
864 1016 3.0
865 311 3.0
865 427 3.0
865 527 3.0
865 541 3.0
865 702 3.0
865 760 3.0
866 449 1.0
866 506 3.0
866 509 3.0
866 641 2.0
866 769 4.0
867 121 4.0
867 181 2.0
867 210 4.0
867 243 1.0
867 487 4.0
867 559 3.0
867 949 1.0
868 75 1.0
868 112 4.0
868 191 1.0
868 334 2.0
868 377 4.0
868 412 2.0
868 632 2.0
868 645 4.0
868 704 2.0
868 856 1.0
869 7 2.0
869 132 4.0
869 317 3.0
869 610 3.0
869 950 4.0
870 21 4.0
870 459 4.0
870 614 3.0
870 999 4.0
871 103 1.0
871 336 3.0
871 430 2.0
871 467 3.0
871 667 1.0
871 728 2.0
872 403 4.0
872 555 4.0
872 574 4.0
872 770 3.0
872 940 3.0
872 981 4.0
873 37 1.0
873 40 4.0
873 63 4.0
873 213 2.0
873 374 2.0
873 444 3.0
873 608 4.0
873 897 1.0
874 497 4.0
874 654 0.0
874 724 2.0
874 821 2.0
874 995 4.0
874 998 4.0
875 118 2.0
875 248 1.0
875 345 4.0
875 683 2.0
875 727 4.0
875 954 3.0
875 970 3.0
875 992 4.0
876 111 3.0
876 167 2.0
876 232 4.0
876 238 3.0
876 420 3.0
876 429 4.0
876 548 2.0
876 892 4.0
877 28 4.0
877 82 3.0
877 141 4.0
877 146 1.0
877 184 4.0
877 400 4.0
877 443 3.0
877 546 1.0
877 690 2.0
877 713 0.0
877 720 3.0
877 817 4.0
877 901 3.0
877 938 2.0
877 952 1.0
878 133 2.0
878 691 4.0
878 855 2.0
878 929 4.0
879 35 4.0
879 227 4.0
879 642 1.0
879 763 1.0
880 131 3.0
880 172 4.0
880 202 4.0
880 615 4.0
881 163 4.0
881 179 4.0
881 205 4.0
881 425 2.0
882 48 4.0
882 568 3.0
882 641 4.0
882 861 2.0
883 150 4.0
883 397 4.0
883 696 4.0
884 127 4.0
884 128 4.0
884 587 2.0
884 670 4.0
884 745 4.0
884 824 4.0
885 5 4.0
885 58 4.0
885 230 4.0
885 286 4.0
885 347 3.0
885 659 4.0
885 1001 1.0
886 138 2.0
886 232 3.0
886 337 1.0
886 363 3.0
886 479 3.0
886 530 4.0
886 675 2.0
886 697 3.0
886 848 4.0
886 907 2.0
886 979 4.0
887 215 3.0
887 259 4.0
887 602 3.0
887 603 4.0
887 854 4.0
887 994 3.0
887 1004 3.0
888 126 2.0
888 301 4.0
888 312 4.0
888 422 2.0
888 526 4.0
888 626 3.0
888 674 2.0
888 771 4.0
888 965 3.0
889 22 4.0
889 35 4.0
889 180 4.0
889 552 2.0
889 650 4.0
889 801 3.0
890 145 3.0
890 157 4.0
890 316 2.0
890 335 4.0
890 735 3.0
890 822 4.0
890 825 4.0
890 902 3.0
890 916 3.0
891 67 4.0
891 152 3.0
891 178 3.0
891 233 2.0
891 582 4.0
891 722 2.0
891 726 1.0
892 111 2.0
892 167 4.0
892 560 3.0
892 653 4.0
892 876 4.0
893 366 2.0
893 398 4.0
893 431 2.0
893 566 3.0
893 655 3.0
893 794 4.0
893 826 4.0
893 972 2.0
894 199 4.0
894 283 1.0
894 419 4.0
894 691 4.0
895 198 2.0
895 279 4.0
895 360 3.0
895 549 3.0
895 729 4.0
895 820 4.0
896 120 2.0
896 299 4.0
896 396 2.0
896 455 4.0
896 561 2.0
896 629 4.0
896 787 2.0
896 819 1.0
897 37 1.0
897 40 4.0
897 63 4.0
897 213 3.0
897 374 2.0
897 444 3.0
897 608 3.0
897 873 1.0
898 43 3.0
898 293 1.0
898 298 3.0
898 516 4.0
898 588 3.0
898 662 3.0
898 759 4.0
898 773 3.0
899 2 4.0
899 186 2.0
899 265 4.0
900 23 4.0
900 152 4.0
900 161 3.0
900 200 1.0
900 453 2.0
900 722 3.0
900 726 4.0
900 927 1.0
901 28 1.0
901 119 4.0
901 146 4.0
901 226 2.0
901 443 3.0
901 546 4.0
901 690 2.0
901 713 3.0
901 720 1.0
901 858 4.0
901 877 3.0
901 938 4.0
901 952 4.0
902 145 1.0
902 316 3.0
902 346 2.0
902 627 4.0
902 822 3.0
902 890 3.0
902 947 4.0
903 34 4.0
903 128 2.0
903 240 1.0
903 553 3.0
903 597 4.0
903 699 2.0
903 842 4.0
903 948 3.0
904 158 4.0
904 275 4.0
904 601 3.0
904 849 3.0
904 973 3.0
905 98 4.0
905 714 3.0
905 719 2.0
905 770 4.0
905 829 4.0
905 844 3.0
905 981 2.0
906 193 4.0
906 527 4.0
906 575 3.0
906 601 3.0
906 760 2.0
906 849 2.0
906 973 4.0
907 111 4.0
907 138 4.0
907 232 2.0
907 337 2.0
907 479 3.0
907 548 4.0
907 560 3.0
907 675 2.0
907 697 4.0
907 886 2.0
908 282 3.0
908 348 3.0
908 376 4.0
908 514 4.0
908 536 4.0
908 593 2.0
908 606 3.0
908 985 4.0
908 1006 1.0
909 114 4.0
909 1009 1.0
910 17 3.0
910 313 3.0
910 338 2.0
910 578 4.0
911 228 2.0
911 249 2.0
911 326 4.0
911 385 4.0
911 406 2.0
911 516 2.0
911 778 3.0
911 784 4.0
911 786 4.0
912 64 4.0
912 183 3.0
912 192 3.0
912 294 1.0
912 481 4.0
912 518 4.0
913 6 3.0
913 221 4.0
913 250 4.0
913 267 4.0
913 563 3.0
913 747 4.0
913 800 4.0
913 838 4.0
913 925 2.0
914 59 4.0
914 102 3.0
914 295 3.0
914 399 3.0
914 472 4.0
914 486 4.0
914 557 4.0
914 709 4.0
914 852 1.0
914 987 4.0
915 483 3.0
915 520 4.0
915 980 3.0
916 335 2.0
916 735 3.0
916 825 3.0
916 890 3.0
917 106 4.0
917 304 3.0
917 324 4.0
917 372 1.0
917 491 2.0
917 618 3.0
917 687 4.0
917 741 3.0
917 812 2.0
917 956 4.0
919 110 3.0
919 236 3.0
919 365 2.0
919 478 3.0
919 525 4.0
919 600 3.0
919 681 1.0
919 716 4.0
919 839 3.0
920 88 1.0
920 522 4.0
920 535 3.0
920 596 4.0
920 702 3.0
920 1021 3.0
921 33 1.0
921 40 4.0
921 96 4.0
921 130 4.0
921 206 3.0
921 289 4.0
921 463 4.0
921 484 3.0
921 637 3.0
921 797 1.0
921 836 4.0
922 358 1.0
922 522 4.0
922 592 3.0
922 598 4.0
922 647 4.0
922 733 4.0
922 738 4.0
922 781 4.0
922 989 3.0
922 1018 4.0
923 395 3.0
923 550 4.0
923 703 4.0
923 816 4.0
924 31 3.0
924 266 3.0
924 270 4.0
924 382 1.0
924 421 3.0
924 488 1.0
924 556 4.0
924 580 4.0
924 725 3.0
924 977 4.0
925 6 1.0
925 267 2.0
925 747 2.0
925 800 4.0
925 804 4.0
925 913 2.0
926 164 2.0
926 170 1.0
926 373 0.0
926 472 4.0
926 665 2.0
926 761 4.0
926 775 2.0
926 845 2.0
926 997 2.0
926 1012 4.0
927 161 1.0
927 200 2.0
927 453 2.0
927 722 4.0
927 900 1.0
928 304 2.0
928 310 2.0
928 480 4.0
928 687 2.0
928 749 4.0
928 955 4.0
928 1003 3.0
929 19 2.0
929 133 4.0
929 261 4.0
929 390 2.0
929 878 4.0
930 45 4.0
930 54 4.0
930 287 1.0
930 417 4.0
931 694 4.0
931 951 2.0
932 69 4.0
932 308 3.0
932 434 4.0
932 501 4.0
932 537 4.0
932 692 3.0
932 740 2.0
932 832 3.0
932 966 1.0
932 1002 4.0
933 20 0.0
933 153 4.0
933 239 2.0
933 300 4.0
933 551 1.0
933 652 2.0
933 863 3.0
934 87 4.0
935 66 4.0
935 72 4.0
935 144 4.0
935 175 3.0
935 677 3.0
936 131 4.0
936 172 4.0
936 274 2.0
936 336 3.0
936 615 3.0
936 736 2.0
936 1000 4.0
937 242 2.0
937 518 4.0
937 583 3.0
937 633 1.0
938 82 2.0
938 141 4.0
938 146 4.0
938 443 1.0
938 451 4.0
938 533 3.0
938 546 2.0
938 690 4.0
938 713 2.0
938 720 4.0
938 803 3.0
938 817 3.0
938 858 3.0
938 877 2.0
938 901 4.0
938 952 1.0
939 36 4.0
939 544 4.0
939 997 3.0
939 1012 4.0
940 403 1.0
940 574 3.0
940 659 4.0
940 872 3.0
941 341 1.0
941 485 3.0
941 535 2.0
941 723 4.0
941 944 3.0
941 1021 2.0
941 1023 3.0
942 171 4.0
942 367 4.0
942 496 1.0
942 737 4.0
942 810 4.0
942 860 3.0
942 862 3.0
942 953 3.0
943 157 3.0
943 679 4.0
943 735 4.0
944 8 4.0
944 341 2.0
944 427 4.0
944 535 2.0
944 702 4.0
944 941 3.0
944 1021 4.0
944 1023 0.0
945 277 2.0
945 367 4.0
945 612 4.0
945 669 4.0
945 737 3.0
945 779 2.0
945 840 4.0
945 953 4.0
945 961 4.0
945 1010 3.0
946 211 2.0
946 291 2.0
946 440 4.0
946 597 3.0
946 698 4.0
946 699 4.0
946 857 3.0
947 145 3.0
947 316 4.0
947 346 3.0
947 627 1.0
947 738 2.0
947 762 1.0
947 822 2.0
947 902 4.0
948 34 1.0
948 101 4.0
948 128 4.0
948 240 2.0
948 699 4.0
948 842 3.0
948 903 3.0
949 121 3.0
949 181 1.0
949 243 3.0
949 559 1.0
949 664 4.0
949 867 1.0
950 331 4.0
950 498 4.0
950 558 3.0
950 581 2.0
950 610 4.0
950 673 2.0
950 750 4.0
950 799 3.0
950 869 4.0
951 155 4.0
951 196 4.0
951 570 3.0
951 931 2.0
952 82 2.0
952 141 4.0
952 146 2.0
952 400 4.0
952 443 2.0
952 451 4.0
952 533 4.0
952 546 1.0
952 690 3.0
952 713 1.0
952 720 4.0
952 803 4.0
952 817 3.0
952 858 4.0
952 877 1.0
952 901 4.0
952 938 1.0
953 277 4.0
953 367 1.0
953 496 2.0
953 737 4.0
953 942 3.0
953 945 4.0
953 961 2.0
953 1010 3.0
954 118 3.0
954 248 4.0
954 683 3.0
954 727 2.0
954 875 3.0
954 970 2.0
954 992 3.0
955 148 4.0
955 304 4.0
955 458 4.0
955 709 4.0
955 749 4.0
955 798 4.0
955 928 4.0
955 1003 4.0
956 106 1.0
956 164 4.0
956 170 4.0
956 324 2.0
956 372 2.0
956 472 4.0
956 665 4.0
956 741 1.0
956 761 1.0
956 812 1.0
956 917 4.0
957 89 4.0
957 238 3.0
957 355 4.0
957 420 4.0
957 429 3.0
957 548 4.0
957 599 1.0
957 644 4.0
957 663 4.0
958 162 3.0
958 241 1.0
958 461 3.0
958 589 4.0
958 605 4.0
958 611 4.0
959 114 4.0
959 327 4.0
959 495 4.0
959 808 4.0
959 967 2.0
960 147 4.0
960 165 3.0
960 296 4.0
960 379 3.0
960 394 4.0
960 457 4.0
960 624 3.0
960 744 4.0
961 219 3.0
961 277 2.0
961 367 1.0
961 496 4.0
961 945 4.0
961 953 2.0
961 1010 1.0
962 74 4.0
962 270 2.0
962 408 1.0
962 421 3.0
962 494 2.0
962 977 2.0
963 282 3.0
963 348 2.0
963 493 3.0
963 593 4.0
964 342 3.0
965 124 3.0
965 126 4.0
965 312 1.0
965 339 4.0
965 422 4.0
965 454 3.0
965 526 3.0
965 674 2.0
965 771 1.0
965 888 3.0
966 69 3.0
966 222 4.0
966 308 2.0
966 501 4.0
966 692 4.0
966 695 4.0
966 740 1.0
966 832 1.0
966 932 1.0
966 1002 4.0
967 327 3.0
967 495 4.0
967 808 2.0
967 959 2.0
968 166 4.0
968 437 3.0
968 660 3.0
968 776 2.0
968 1015 4.0
969 92 2.0
969 177 2.0
969 569 2.0
970 118 4.0
970 248 4.0
970 339 4.0
970 683 4.0
970 727 2.0
970 875 3.0
970 954 2.0
970 992 1.0
971 56 4.0
971 271 3.0
971 567 3.0
971 607 2.0
971 698 4.0
972 331 4.0
972 366 2.0
972 431 2.0
972 498 4.0
972 558 4.0
972 581 4.0
972 655 2.0
972 673 4.0
972 742 4.0
972 826 3.0
972 893 2.0
973 193 2.0
973 601 4.0
973 849 3.0
973 904 3.0
973 906 4.0
974 9 3.0
974 25 3.0
974 53 4.0
974 207 4.0
974 225 1.0
974 234 3.0
974 457 2.0
974 624 2.0
975 5 3.0
975 58 4.0
975 230 3.0
975 286 4.0
975 622 4.0
975 649 4.0
975 806 4.0
975 859 1.0
976 325 3.0
976 353 4.0
976 451 4.0
976 476 4.0
976 533 4.0
976 636 2.0
976 742 4.0
976 803 2.0
976 858 4.0
976 1008 3.0
977 270 2.0
977 382 4.0
977 408 1.0
977 421 2.0
977 488 4.0
977 494 3.0
977 924 4.0
977 962 2.0
978 0 4.0
978 349 4.0
978 354 4.0
978 398 4.0
978 566 4.0
978 594 1.0
978 685 1.0
978 794 3.0
979 138 3.0
979 217 4.0
979 309 3.0
979 479 2.0
979 529 3.0
979 675 3.0
979 791 3.0
979 792 2.0
979 886 4.0
980 380 4.0
980 459 4.0
980 497 4.0
980 796 2.0
980 915 3.0
980 998 4.0
981 297 4.0
981 555 4.0
981 719 4.0
981 770 2.0
981 872 4.0
981 905 2.0
982 109 3.0
982 301 4.0
982 475 1.0
983 487 3.0
983 564 4.0
983 671 4.0
984 32 4.0
984 38 4.0
984 470 4.0
984 471 4.0
984 489 4.0
984 686 4.0
985 376 1.0
985 514 1.0
985 593 3.0
985 606 4.0
985 616 1.0
985 908 4.0
985 1006 4.0
986 123 3.0
986 129 2.0
986 169 3.0
986 318 4.0
986 426 3.0
986 530 4.0
986 644 2.0
986 663 1.0
986 1011 4.0
987 102 4.0
987 295 3.0
987 399 3.0
987 486 3.0
987 578 4.0
987 914 4.0
988 47 3.0
988 254 4.0
988 314 4.0
988 405 2.0
988 563 3.0
988 785 3.0
988 831 4.0
988 838 3.0
988 1007 2.0
988 1013 4.0
988 1022 2.0
989 292 2.0
989 358 4.0
989 522 3.0
989 577 4.0
989 596 3.0
989 598 4.0
989 628 4.0
989 668 3.0
989 781 1.0
989 922 3.0
989 1018 1.0
990 66 1.0
990 281 2.0
990 467 4.0
990 500 3.0
990 634 2.0
990 728 4.0
991 94 2.0
991 511 4.0
991 519 3.0
991 651 4.0
991 772 3.0
991 788 4.0
992 248 4.0
992 339 3.0
992 526 4.0
992 727 2.0
992 875 4.0
992 954 3.0
992 970 1.0
993 65 4.0
993 84 3.0
993 116 4.0
993 144 4.0
993 229 2.0
993 253 1.0
993 384 3.0
993 397 4.0
993 435 2.0
993 620 4.0
993 660 4.0
993 746 3.0
994 539 4.0
994 603 1.0
994 887 3.0
994 1004 0.0
995 474 3.0
995 554 3.0
995 654 4.0
995 821 2.0
995 874 4.0
996 96 3.0
996 97 3.0
996 206 4.0
996 214 1.0
996 518 4.0
996 850 2.0
997 164 4.0
997 170 4.0
997 373 2.0
997 544 4.0
997 665 4.0
997 775 2.0
997 845 4.0
997 926 2.0
997 939 3.0
997 1012 3.0
998 76 4.0
998 356 3.0
998 380 3.0
998 459 4.0
998 497 2.0
998 654 4.0
998 796 3.0
998 874 4.0
998 980 4.0
999 13 4.0
999 21 4.0
999 26 4.0
999 468 2.0
999 614 1.0
999 638 4.0
999 870 4.0
1000 280 4.0
1000 595 4.0
1000 718 1.0
1000 736 2.0
1000 936 4.0
1001 5 4.0
1001 58 4.0
1001 286 4.0
1001 347 3.0
1001 885 1.0
1002 69 4.0
1002 149 3.0
1002 222 4.0
1002 255 4.0
1002 501 1.0
1002 643 4.0
1002 695 4.0
1002 932 4.0
1002 966 4.0
1003 480 2.0
1003 511 4.0
1003 749 1.0
1003 928 3.0
1003 955 4.0
1004 539 4.0
1004 603 1.0
1004 887 3.0
1004 994 0.0
1005 32 1.0
1005 38 1.0
1005 163 4.0
1005 344 1.0
1005 415 0.0
1005 471 3.0
1005 712 1.0
1005 783 4.0
1006 282 4.0
1006 348 4.0
1006 376 4.0
1006 514 3.0
1006 536 3.0
1006 593 3.0
1006 606 2.0
1006 908 1.0
1006 985 4.0
1007 47 4.0
1007 254 3.0
1007 314 2.0
1007 405 2.0
1007 563 4.0
1007 785 1.0
1007 988 2.0
1007 1013 2.0
1007 1022 4.0
1008 331 3.0
1008 353 2.0
1008 431 4.0
1008 476 4.0
1008 498 3.0
1008 558 4.0
1008 636 3.0
1008 655 3.0
1008 742 1.0
1008 799 4.0
1008 826 2.0
1008 976 3.0
1009 618 4.0
1009 909 1.0
1010 219 2.0
1010 277 1.0
1010 367 2.0
1010 945 3.0
1010 953 3.0
1010 961 1.0
1011 129 4.0
1011 215 3.0
1011 259 2.0
1011 318 0.0
1011 426 1.0
1011 530 4.0
1011 602 4.0
1011 697 4.0
1011 848 3.0
1011 854 3.0
1011 986 4.0
1012 170 4.0
1012 373 4.0
1012 845 3.0
1012 926 4.0
1012 939 4.0
1012 997 3.0
1013 314 4.0
1013 405 4.0
1013 785 2.0
1013 988 4.0
1013 1007 2.0
1014 538 0.0
1014 758 4.0
1014 1019 4.0
1015 384 2.0
1015 397 4.0
1015 620 3.0
1015 660 4.0
1015 968 4.0
1016 52 3.0
1016 60 4.0
1016 151 4.0
1016 195 2.0
1016 201 3.0
1016 433 3.0
1016 643 4.0
1016 853 2.0
1016 864 3.0
1017 77 3.0
1017 196 3.0
1017 362 3.0
1017 466 4.0
1017 570 4.0
1017 769 4.0
1018 292 1.0
1018 522 3.0
1018 596 2.0
1018 628 4.0
1018 668 2.0
1018 781 1.0
1018 922 4.0
1018 989 1.0
1019 108 3.0
1019 176 3.0
1019 538 4.0
1019 758 1.0
1019 823 3.0
1019 1014 4.0
1020 70 2.0
1020 657 3.0
1020 693 2.0
1020 790 2.0
1021 88 3.0
1021 341 3.0
1021 485 3.0
1021 522 4.0
1021 535 2.0
1021 647 4.0
1021 723 4.0
1021 920 3.0
1021 941 2.0
1021 944 4.0
1021 1023 4.0
1022 12 4.0
1022 47 1.0
1022 254 4.0
1022 314 4.0
1022 405 2.0
1022 563 4.0
1022 785 4.0
1022 831 4.0
1022 838 4.0
1022 988 2.0
1022 1007 4.0
1023 8 4.0
1023 341 2.0
1023 427 4.0
1023 535 2.0
1023 702 4.0
1023 941 3.0
1023 944 0.0
1023 1021 4.0
