1014
6736
0 55.0 33.0
1 48.0 25.0
2 74.0 67.0
3 91.0 28.0
4 40.0 84.0
5 33.0 18.0
6 81.0 41.0
7 72.0 6.0
8 28.0 22.0
9 34.0 14.0
10 23.0 42.0
11 54.0 93.0
12 80.0 82.0
13 18.0 45.0
14 15.0 94.0
15 40.0 15.0
16 58.0 75.0
17 54.0 73.0
18 26.0 13.0
19 92.0 75.0
20 41.0 17.0
21 21.0 90.0
22 27.0 14.0
23 94.0 2.0
24 55.0 69.0
25 95.0 74.0
26 30.0 72.0
27 49.0 15.0
28 0.0 10.0
29 77.0 32.0
30 59.0 69.0
31 91.0 68.0
32 21.0 32.0
33 49.0 13.0
34 54.0 35.0
35 80.0 57.0
36 43.0 16.0
37 52.0 86.0
38 15.0 43.0
39 26.0 91.0
40 87.0 42.0
41 33.0 96.0
42 27.0 39.0
43 69.0 82.0
44 16.0 39.0
45 6.0 64.0
46 28.0 8.0
47 92.0 89.0
48 95.0 75.0
49 11.0 84.0
50 1.0 2.0
51 59.0 22.0
52 51.0 39.0
53 88.0 25.0
54 16.0 93.0
55 94.0 96.0
56 77.0 75.0
57 74.0 64.0
58 52.0 16.0
59 52.0 98.0
60 12.0 69.0
61 11.0 76.0
62 61.0 12.0
63 47.0 87.0
64 86.0 84.0
65 18.0 88.0
66 62.0 10.0
67 26.0 53.0
68 19.0 12.0
69 51.0 58.0
70 84.0 78.0
71 20.0 15.0
72 16.0 83.0
73 79.0 30.0
74 92.0 46.0
75 9.0 5.0
76 87.0 42.0
77 26.0 88.0
78 51.0 84.0
79 65.0 2.0
80 81.0 97.0
81 72.0 10.0
82 32.0 82.0
83 82.0 85.0
84 39.0 85.0
85 6.0 85.0
86 60.0 69.0
87 93.0 38.0
88 76.0 19.0
89 81.0 44.0
90 47.0 64.0
91 38.0 12.0
92 49.0 10.0
93 1.0 43.0
94 71.0 47.0
95 35.0 38.0
96 100.0 83.0
97 55.0 55.0
98 91.0 96.0
99 61.0 42.0
100 45.0 12.0
101 72.0 1.0
102 11.0 27.0
103 51.0 0.0
104 68.0 66.0
105 55.0 6.0
106 27.0 30.0
107 71.0 51.0
108 43.0 30.0
109 29.0 56.0
110 23.0 91.0
111 23.0 28.0
112 72.0 40.0
113 7.0 8.0
114 7.0 37.0
115 85.0 5.0
116 48.0 56.0
117 53.0 67.0
118 91.0 64.0
119 96.0 53.0
120 39.0 47.0
121 6.0 37.0
122 65.0 99.0
123 42.0 52.0
124 84.0 79.0
125 94.0 5.0
126 10.0 43.0
127 1.0 16.0
128 38.0 25.0
129 28.0 27.0
130 64.0 78.0
131 48.0 6.0
132 91.0 20.0
133 1.0 2.0
134 28.0 23.0
135 31.0 59.0
136 81.0 60.0
137 88.0 82.0
138 61.0 9.0
139 81.0 52.0
140 41.0 1.0
141 36.0 33.0
142 35.0 68.0
143 96.0 66.0
144 75.0 95.0
145 9.0 52.0
146 20.0 75.0
147 20.0 42.0
148 37.0 4.0
149 0.0 5.0
150 30.0 92.0
151 25.0 19.0
152 69.0 45.0
153 40.0 37.0
154 50.0 95.0
155 32.0 18.0
156 22.0 70.0
157 57.0 80.0
158 25.0 83.0
159 61.0 2.0
160 49.0 89.0
161 80.0 48.0
162 85.0 1.0
163 81.0 17.0
164 71.0 83.0
165 73.0 98.0
166 29.0 32.0
167 95.0 18.0
168 30.0 64.0
169 54.0 100.0
170 93.0 30.0
171 98.0 8.0
172 98.0 89.0
173 38.0 42.0
174 78.0 9.0
175 83.0 61.0
176 95.0 24.0
177 94.0 64.0
178 25.0 98.0
179 74.0 10.0
180 38.0 14.0
181 19.0 97.0
182 36.0 40.0
183 23.0 96.0
184 30.0 17.0
185 68.0 45.0
186 94.0 92.0
187 9.0 44.0
188 50.0 3.0
189 85.0 52.0
190 40.0 38.0
191 1.0 88.0
192 12.0 18.0
193 25.0 24.0
194 94.0 49.0
195 89.0 63.0
196 97.0 67.0
197 71.0 3.0
198 28.0 30.0
199 95.0 49.0
200 86.0 79.0
201 78.0 24.0
202 44.0 49.0
203 16.0 19.0
204 39.0 46.0
205 5.0 89.0
206 100.0 35.0
207 60.0 36.0
208 96.0 41.0
209 3.0 40.0
210 86.0 88.0
211 68.0 2.0
212 7.0 80.0
213 82.0 29.0
214 62.0 43.0
215 58.0 51.0
216 8.0 60.0
217 81.0 93.0
218 88.0 78.0
219 11.0 25.0
220 97.0 4.0
221 99.0 6.0
222 14.0 50.0
223 82.0 8.0
224 87.0 91.0
225 58.0 50.0
226 18.0 20.0
227 37.0 76.0
228 33.0 39.0
229 32.0 36.0
230 8.0 81.0
231 13.0 99.0
232 62.0 93.0
233 40.0 64.0
234 15.0 4.0
235 67.0 10.0
236 55.0 14.0
237 85.0 92.0
238 55.0 75.0
239 74.0 16.0
240 49.0 89.0
241 8.0 82.0
242 32.0 81.0
243 63.0 22.0
244 79.0 85.0
245 66.0 10.0
246 9.0 65.0
247 24.0 88.0
248 60.0 44.0
249 74.0 76.0
250 78.0 64.0
251 14.0 50.0
252 80.0 79.0
253 48.0 51.0
254 87.0 7.0
255 44.0 64.0
256 69.0 6.0
257 54.0 39.0
258 27.0 7.0
259 33.0 60.0
260 46.0 42.0
261 51.0 50.0
262 73.0 17.0
263 58.0 11.0
264 71.0 53.0
265 76.0 2.0
266 34.0 100.0
267 25.0 61.0
268 53.0 11.0
269 9.0 10.0
270 61.0 47.0
271 56.0 62.0
272 86.0 13.0
273 13.0 19.0
274 11.0 46.0
275 63.0 7.0
276 17.0 78.0
277 60.0 94.0
278 76.0 72.0
279 46.0 76.0
280 66.0 90.0
281 51.0 73.0
282 13.0 67.0
283 40.0 23.0
284 60.0 97.0
285 20.0 52.0
286 39.0 21.0
287 5.0 55.0
288 42.0 55.0
289 71.0 49.0
290 84.0 76.0
291 28.0 19.0
292 61.0 76.0
293 82.0 58.0
294 6.0 10.0
295 71.0 61.0
296 76.0 48.0
297 83.0 26.0
298 11.0 81.0
299 8.0 34.0
300 13.0 100.0
301 92.0 72.0
302 47.0 28.0
303 17.0 93.0
304 56.0 48.0
305 60.0 45.0
306 41.0 64.0
307 17.0 59.0
308 69.0 51.0
309 58.0 11.0
310 16.0 16.0
311 81.0 78.0
312 86.0 49.0
313 27.0 84.0
314 5.0 80.0
315 56.0 94.0
316 97.0 65.0
317 36.0 58.0
318 42.0 8.0
319 72.0 6.0
320 30.0 5.0
321 58.0 10.0
322 2.0 41.0
323 18.0 87.0
324 12.0 72.0
325 41.0 65.0
326 17.0 60.0
327 27.0 80.0
328 46.0 84.0
329 21.0 52.0
330 96.0 14.0
331 83.0 2.0
332 37.0 74.0
333 40.0 1.0
334 14.0 40.0
335 55.0 20.0
336 72.0 87.0
337 26.0 38.0
338 66.0 5.0
339 22.0 75.0
340 22.0 20.0
341 75.0 96.0
342 86.0 11.0
343 24.0 76.0
344 11.0 77.0
345 32.0 50.0
346 76.0 60.0
347 78.0 91.0
348 99.0 7.0
349 60.0 26.0
350 10.0 65.0
351 34.0 92.0
352 52.0 74.0
353 52.0 57.0
354 93.0 47.0
355 53.0 53.0
356 100.0 73.0
357 11.0 91.0
358 1.0 65.0
359 40.0 85.0
360 6.0 65.0
361 16.0 57.0
362 23.0 61.0
363 66.0 77.0
364 4.0 34.0
365 48.0 47.0
366 80.0 26.0
367 56.0 70.0
368 73.0 67.0
369 34.0 92.0
370 6.0 5.0
371 27.0 70.0
372 50.0 2.0
373 37.0 15.0
374 5.0 8.0
375 8.0 3.0
376 15.0 16.0
377 14.0 88.0
378 15.0 96.0
379 75.0 41.0
380 79.0 40.0
381 97.0 52.0
382 54.0 48.0
383 74.0 74.0
384 75.0 10.0
385 84.0 53.0
386 23.0 43.0
387 33.0 91.0
388 38.0 11.0
389 43.0 5.0
390 87.0 0.0
391 65.0 6.0
392 94.0 66.0
393 64.0 1.0
394 73.0 62.0
395 30.0 35.0
396 23.0 61.0
397 9.0 11.0
398 39.0 26.0
399 98.0 13.0
400 66.0 42.0
401 51.0 47.0
402 11.0 49.0
403 37.0 9.0
404 73.0 89.0
405 97.0 93.0
406 1.0 80.0
407 12.0 68.0
408 10.0 74.0
409 43.0 15.0
410 29.0 95.0
411 72.0 5.0
412 5.0 57.0
413 100.0 2.0
414 39.0 51.0
415 68.0 17.0
416 67.0 69.0
417 81.0 19.0
418 66.0 66.0
419 16.0 89.0
420 13.0 89.0
421 62.0 48.0
422 93.0 1.0
423 2.0 14.0
424 9.0 17.0
425 33.0 64.0
426 19.0 9.0
427 2.0 51.0
428 85.0 2.0
429 12.0 76.0
430 10.0 55.0
431 56.0 97.0
432 91.0 64.0
433 91.0 13.0
434 17.0 42.0
435 13.0 35.0
436 4.0 34.0
437 27.0 45.0
438 69.0 92.0
439 57.0 87.0
440 100.0 96.0
441 12.0 75.0
442 98.0 58.0
443 51.0 2.0
444 57.0 2.0
445 70.0 35.0
446 30.0 83.0
447 88.0 29.0
448 48.0 92.0
449 72.0 62.0
450 55.0 12.0
451 19.0 76.0
452 32.0 51.0
453 67.0 63.0
454 78.0 36.0
455 98.0 50.0
456 71.0 78.0
457 68.0 66.0
458 84.0 29.0
459 72.0 21.0
460 20.0 41.0
461 47.0 36.0
462 96.0 86.0
463 99.0 68.0
464 65.0 59.0
465 21.0 1.0
466 93.0 93.0
467 79.0 93.0
468 8.0 23.0
469 28.0 0.0
470 23.0 85.0
471 14.0 8.0
472 29.0 51.0
473 41.0 72.0
474 26.0 56.0
475 58.0 36.0
476 76.0 47.0
477 64.0 32.0
478 50.0 46.0
479 5.0 79.0
480 46.0 85.0
481 89.0 5.0
482 39.0 20.0
483 22.0 49.0
484 78.0 69.0
485 35.0 24.0
486 98.0 88.0
487 48.0 53.0
488 66.0 18.0
489 90.0 99.0
490 93.0 58.0
491 91.0 91.0
492 45.0 84.0
493 9.0 19.0
494 28.0 22.0
495 2.0 2.0
496 40.0 7.0
497 62.0 51.0
498 3.0 91.0
499 21.0 64.0
500 53.0 54.0
501 30.0 34.0
502 47.0 52.0
503 8.0 42.0
504 42.0 3.0
505 82.0 95.0
506 95.0 8.0
507 3.0 29.0
508 18.0 72.0
509 90.0 27.0
510 32.0 16.0
511 94.0 33.0
512 49.0 98.0
513 67.0 11.0
514 29.0 49.0
515 71.0 2.0
516 67.0 14.0
517 27.0 63.0
518 55.0 29.0
519 5.0 88.0
520 6.0 92.0
521 7.0 55.0
522 24.0 20.0
523 78.0 89.0
524 20.0 30.0
525 1.0 21.0
526 29.0 78.0
527 41.0 35.0
528 52.0 20.0
529 94.0 58.0
530 48.0 82.0
531 95.0 90.0
532 61.0 17.0
533 99.0 93.0
534 51.0 18.0
535 18.0 89.0
536 31.0 92.0
537 19.0 45.0
538 20.0 65.0
539 65.0 45.0
540 11.0 42.0
541 20.0 35.0
542 72.0 17.0
543 35.0 77.0
544 58.0 97.0
545 55.0 14.0
546 59.0 53.0
547 80.0 57.0
548 92.0 39.0
549 86.0 0.0
550 53.0 3.0
551 77.0 72.0
552 79.0 20.0
553 6.0 52.0
554 64.0 8.0
555 23.0 49.0
556 1.0 54.0
557 34.0 30.0
558 56.0 58.0
559 1.0 87.0
560 80.0 17.0
561 57.0 4.0
562 32.0 50.0
563 26.0 2.0
564 63.0 73.0
565 32.0 25.0
566 22.0 13.0
567 80.0 68.0
568 91.0 13.0
569 74.0 65.0
570 98.0 79.0
571 92.0 20.0
572 2.0 88.0
573 83.0 75.0
574 82.0 2.0
575 20.0 47.0
576 40.0 52.0
577 10.0 49.0
578 36.0 63.0
579 35.0 86.0
580 84.0 56.0
581 44.0 68.0
582 51.0 1.0
583 29.0 7.0
584 1.0 66.0
585 67.0 67.0
586 62.0 57.0
587 85.0 40.0
588 92.0 87.0
589 35.0 56.0
590 62.0 32.0
591 79.0 93.0
592 94.0 8.0
593 54.0 80.0
594 1.0 90.0
595 12.0 47.0
596 54.0 28.0
597 72.0 7.0
598 78.0 57.0
599 94.0 43.0
600 75.0 93.0
601 7.0 69.0
602 66.0 89.0
603 9.0 89.0
604 14.0 81.0
605 78.0 5.0
606 42.0 28.0
607 49.0 59.0
608 83.0 5.0
609 9.0 74.0
610 91.0 62.0
611 98.0 44.0
612 65.0 10.0
613 24.0 43.0
614 16.0 38.0
615 95.0 1.0
616 74.0 15.0
617 59.0 56.0
618 79.0 26.0
619 3.0 96.0
620 98.0 85.0
621 47.0 59.0
622 46.0 17.0
623 82.0 30.0
624 10.0 67.0
625 56.0 21.0
626 10.0 94.0
627 29.0 21.0
628 41.0 13.0
629 98.0 70.0
630 20.0 32.0
631 22.0 52.0
632 44.0 69.0
633 23.0 67.0
634 50.0 94.0
635 16.0 16.0
636 1.0 12.0
637 69.0 44.0
638 56.0 40.0
639 40.0 32.0
640 44.0 55.0
641 43.0 6.0
642 34.0 66.0
643 10.0 98.0
644 93.0 65.0
645 43.0 71.0
646 73.0 35.0
647 69.0 5.0
648 31.0 50.0
649 47.0 91.0
650 45.0 77.0
651 93.0 41.0
652 82.0 18.0
653 33.0 78.0
654 4.0 52.0
655 39.0 43.0
656 44.0 11.0
657 6.0 29.0
658 64.0 21.0
659 31.0 91.0
660 1.0 66.0
661 40.0 35.0
662 90.0 65.0
663 97.0 37.0
664 20.0 67.0
665 72.0 97.0
666 21.0 36.0
667 96.0 20.0
668 95.0 71.0
669 92.0 6.0
670 2.0 42.0
671 29.0 24.0
672 10.0 34.0
673 28.0 41.0
674 8.0 99.0
675 92.0 50.0
676 25.0 74.0
677 15.0 1.0
678 62.0 94.0
679 19.0 34.0
680 98.0 33.0
681 92.0 83.0
682 10.0 48.0
683 52.0 21.0
684 11.0 42.0
685 79.0 57.0
686 86.0 78.0
687 94.0 81.0
688 63.0 80.0
689 17.0 5.0
690 81.0 81.0
691 59.0 28.0
692 34.0 4.0
693 73.0 31.0
694 15.0 4.0
695 19.0 69.0
696 44.0 78.0
697 52.0 50.0
698 45.0 72.0
699 15.0 3.0
700 64.0 24.0
701 59.0 24.0
702 89.0 81.0
703 75.0 51.0
704 44.0 85.0
705 5.0 89.0
706 41.0 74.0
707 49.0 70.0
708 66.0 62.0
709 56.0 3.0
710 92.0 76.0
711 83.0 96.0
712 42.0 82.0
713 57.0 9.0
714 96.0 37.0
715 66.0 28.0
716 18.0 76.0
717 98.0 73.0
718 44.0 16.0
719 19.0 13.0
720 41.0 14.0
721 81.0 74.0
722 39.0 9.0
723 34.0 31.0
724 11.0 3.0
725 27.0 31.0
726 70.0 94.0
727 65.0 78.0
728 22.0 39.0
729 16.0 100.0
730 40.0 58.0
731 26.0 82.0
732 64.0 91.0
733 59.0 77.0
734 5.0 20.0
735 59.0 22.0
736 41.0 39.0
737 42.0 98.0
738 0.0 70.0
739 75.0 19.0
740 19.0 5.0
741 82.0 9.0
742 89.0 81.0
743 75.0 26.0
744 24.0 45.0
745 8.0 45.0
746 53.0 76.0
747 5.0 33.0
748 45.0 86.0
749 29.0 68.0
750 92.0 43.0
751 8.0 68.0
752 8.0 32.0
753 70.0 15.0
754 30.0 46.0
755 72.0 59.0
756 32.0 81.0
757 84.0 78.0
758 23.0 59.0
759 88.0 80.0
760 84.0 9.0
761 71.0 29.0
762 27.0 22.0
763 70.0 10.0
764 93.0 24.0
765 61.0 24.0
766 73.0 22.0
767 91.0 64.0
768 82.0 95.0
769 38.0 84.0
770 42.0 10.0
771 54.0 85.0
772 43.0 4.0
773 19.0 28.0
774 54.0 27.0
775 88.0 5.0
776 54.0 87.0
777 19.0 91.0
778 11.0 10.0
779 34.0 8.0
780 5.0 57.0
781 48.0 72.0
782 54.0 74.0
783 88.0 54.0
784 8.0 7.0
785 36.0 86.0
786 14.0 17.0
787 78.0 56.0
788 79.0 67.0
789 86.0 10.0
790 93.0 78.0
791 22.0 9.0
792 35.0 49.0
793 82.0 60.0
794 82.0 47.0
795 83.0 13.0
796 40.0 89.0
797 19.0 26.0
798 7.0 22.0
799 13.0 51.0
800 86.0 98.0
801 26.0 58.0
802 69.0 38.0
803 65.0 2.0
804 6.0 64.0
805 1.0 85.0
806 12.0 24.0
807 95.0 96.0
808 44.0 60.0
809 73.0 98.0
810 33.0 78.0
811 12.0 60.0
812 32.0 75.0
813 62.0 36.0
814 17.0 37.0
815 15.0 94.0
816 48.0 49.0
817 19.0 58.0
818 75.0 6.0
819 53.0 82.0
820 66.0 89.0
821 36.0 92.0
822 4.0 63.0
823 82.0 38.0
824 5.0 97.0
825 76.0 81.0
826 92.0 46.0
827 98.0 10.0
828 43.0 36.0
829 73.0 77.0
830 57.0 11.0
831 1.0 33.0
832 62.0 17.0
833 79.0 54.0
834 82.0 100.0
835 82.0 85.0
836 33.0 75.0
837 76.0 44.0
838 70.0 56.0
839 58.0 69.0
840 60.0 84.0
841 66.0 99.0
842 66.0 86.0
843 93.0 54.0
844 30.0 3.0
845 21.0 54.0
846 87.0 52.0
847 85.0 45.0
848 54.0 80.0
849 49.0 38.0
850 69.0 39.0
851 98.0 39.0
852 96.0 44.0
853 2.0 43.0
854 32.0 39.0
855 71.0 12.0
856 9.0 51.0
857 45.0 78.0
858 5.0 39.0
859 45.0 45.0
860 40.0 85.0
861 54.0 33.0
862 73.0 8.0
863 67.0 62.0
864 64.0 20.0
865 8.0 60.0
866 31.0 19.0
867 82.0 56.0
868 65.0 90.0
869 5.0 34.0
870 66.0 57.0
871 23.0 26.0
872 76.0 25.0
873 12.0 35.0
874 98.0 91.0
875 37.0 47.0
876 33.0 61.0
877 13.0 99.0
878 41.0 9.0
879 29.0 35.0
880 22.0 12.0
881 45.0 99.0
882 78.0 57.0
883 13.0 98.0
884 9.0 81.0
885 18.0 64.0
886 65.0 20.0
887 84.0 77.0
888 95.0 41.0
889 50.0 54.0
890 87.0 37.0
891 59.0 18.0
892 24.0 100.0
893 86.0 38.0
894 48.0 43.0
895 64.0 21.0
896 46.0 57.0
897 68.0 42.0
898 71.0 75.0
899 43.0 69.0
900 9.0 98.0
901 73.0 83.0
902 24.0 90.0
903 29.0 37.0
904 26.0 76.0
905 44.0 85.0
906 9.0 73.0
907 3.0 11.0
908 55.0 2.0
909 73.0 44.0
910 79.0 47.0
911 22.0 87.0
912 73.0 26.0
913 25.0 7.0
914 68.0 98.0
915 6.0 31.0
916 42.0 78.0
917 90.0 64.0
918 52.0 87.0
919 4.0 6.0
920 95.0 13.0
921 21.0 69.0
922 69.0 12.0
923 79.0 6.0
924 91.0 68.0
925 90.0 52.0
926 76.0 33.0
927 89.0 53.0
928 8.0 37.0
929 62.0 74.0
930 14.0 83.0
931 50.0 44.0
932 90.0 8.0
933 83.0 42.0
934 7.0 25.0
935 9.0 60.0
936 58.0 29.0
937 16.0 92.0
938 24.0 19.0
939 61.0 62.0
940 41.0 92.0
941 84.0 94.0
942 79.0 31.0
943 83.0 45.0
944 4.0 51.0
945 1.0 53.0
946 37.0 73.0
947 91.0 36.0
948 75.0 19.0
949 97.0 92.0
950 57.0 68.0
951 14.0 25.0
952 87.0 3.0
953 63.0 59.0
954 8.0 82.0
955 53.0 96.0
956 100.0 78.0
957 86.0 82.0
958 7.0 61.0
959 85.0 88.0
960 58.0 1.0
961 42.0 67.0
962 82.0 72.0
963 97.0 91.0
964 10.0 24.0
965 65.0 14.0
966 68.0 16.0
967 94.0 74.0
968 89.0 58.0
969 9.0 93.0
970 67.0 97.0
971 88.0 90.0
972 23.0 87.0
973 78.0 15.0
974 49.0 31.0
975 81.0 8.0
976 44.0 39.0
977 91.0 74.0
978 68.0 47.0
979 93.0 67.0
980 89.0 72.0
981 95.0 62.0
982 13.0 14.0
983 93.0 47.0
984 40.0 18.0
985 59.0 66.0
986 33.0 85.0
987 41.0 14.0
988 20.0 98.0
989 96.0 8.0
990 95.0 54.0
991 44.0 73.0
992 58.0 8.0
993 14.0 97.0
994 61.0 59.0
995 93.0 37.0
996 93.0 25.0
997 78.0 83.0
998 8.0 83.0
999 13.0 4.0
1000 53.0 97.0
1001 34.0 45.0
1002 13.0 34.0
1003 78.0 86.0
1004 74.0 11.0
1005 45.0 56.0
1006 79.0 99.0
1007 33.0 52.0
1008 3.0 47.0
1009 15.0 90.0
1010 86.0 11.0
1011 53.0 59.0
1012 19.0 69.0
1013 22.0 85.0
0 34 2.0
0 475 4.0
0 518 4.0
0 861 1.0
1 302 3.0
2 57 3.0
2 368 1.0
2 484 4.0
2 569 2.0
3 53 4.0
3 170 3.0
3 447 3.0
3 509 1.0
3 764 4.0
3 996 4.0
4 84 1.0
4 359 1.0
4 704 4.0
4 712 3.0
4 769 2.0
4 785 4.0
4 860 1.0
4 905 4.0
5 9 4.0
5 155 1.0
5 184 3.0
5 510 2.0
5 866 2.0
6 89 3.0
6 380 2.0
6 587 4.0
6 823 3.0
6 933 2.0
6 943 4.0
7 81 4.0
7 179 4.0
7 197 3.0
7 256 3.0
7 319 0.0
7 411 1.0
7 515 4.0
7 597 1.0
7 647 3.0
7 763 4.0
7 818 3.0
7 862 2.0
8 134 1.0
8 151 4.0
8 193 4.0
8 291 3.0
8 494 0.0
8 522 4.0
8 627 1.0
8 671 2.0
8 762 1.0
8 866 4.0
9 5 4.0
9 91 4.0
9 155 4.0
9 180 4.0
9 373 3.0
9 510 3.0
10 147 3.0
10 386 1.0
10 460 3.0
10 613 1.0
10 728 3.0
10 744 3.0
11 154 4.0
11 315 2.0
11 431 4.0
11 634 4.0
11 955 3.0
11 1000 4.0
12 83 4.0
12 244 3.0
12 252 3.0
12 311 4.0
12 690 1.0
12 825 4.0
12 835 4.0
12 997 2.0
12 1003 4.0
13 38 4.0
13 147 4.0
13 434 3.0
13 460 4.0
13 537 1.0
13 575 3.0
14 54 1.0
14 303 2.0
14 378 2.0
14 815 0.0
14 883 4.0
14 937 2.0
14 993 3.0
14 1009 4.0
15 20 2.0
15 36 3.0
15 91 4.0
15 180 2.0
15 373 3.0
15 388 4.0
15 409 3.0
15 628 2.0
15 718 4.0
15 720 1.0
15 984 3.0
15 987 1.0
16 17 4.0
16 238 3.0
16 292 3.0
16 733 2.0
16 782 4.0
16 929 4.0
17 16 4.0
17 24 4.0
17 238 2.0
17 281 3.0
17 352 2.0
17 367 4.0
17 746 3.0
17 782 1.0
18 22 1.0
18 566 4.0
18 880 4.0
19 25 3.0
19 48 3.0
19 301 3.0
19 710 1.0
19 790 3.0
19 967 2.0
19 977 1.0
19 980 4.0
20 15 2.0
20 36 2.0
20 180 4.0
20 286 4.0
20 373 4.0
20 409 3.0
20 482 4.0
20 628 4.0
20 718 3.0
20 720 3.0
20 984 1.0
20 987 3.0
21 65 4.0
21 110 2.0
21 247 4.0
21 323 4.0
21 535 3.0
21 777 2.0
21 902 3.0
21 911 3.0
21 972 4.0
22 18 1.0
22 184 4.0
23 125 3.0
23 220 4.0
23 422 1.0
23 615 1.0
23 669 4.0
24 17 4.0
24 30 4.0
24 117 3.0
24 367 1.0
24 839 3.0
24 950 2.0
25 19 3.0
25 48 1.0
25 301 4.0
25 668 3.0
25 710 4.0
25 717 3.0
25 790 4.0
25 967 1.0
25 977 4.0
26 371 4.0
26 749 4.0
26 812 4.0
26 836 4.0
27 33 2.0
27 58 3.0
27 534 4.0
27 622 4.0
28 423 4.0
28 636 2.0
28 907 3.0
29 73 3.0
29 454 4.0
29 693 4.0
29 926 1.0
29 942 2.0
30 24 4.0
30 86 1.0
30 367 3.0
30 839 1.0
30 950 2.0
30 985 3.0
31 118 4.0
31 301 4.0
31 392 4.0
31 432 4.0
31 644 4.0
31 662 3.0
31 767 4.0
31 917 4.0
31 924 0.0
31 979 2.0
31 980 4.0
32 111 4.0
32 524 2.0
32 541 3.0
32 630 1.0
32 666 4.0
32 679 3.0
32 773 4.0
33 27 2.0
33 58 4.0
33 92 3.0
33 100 4.0
33 268 4.0
34 0 2.0
34 257 4.0
34 475 4.0
34 861 2.0
35 136 3.0
35 293 2.0
35 547 0.0
35 580 4.0
35 598 2.0
35 685 1.0
35 787 2.0
35 793 4.0
35 833 3.0
35 867 2.0
35 882 2.0
36 15 3.0
36 20 2.0
36 100 4.0
36 409 1.0
36 622 3.0
36 628 4.0
36 718 1.0
36 720 3.0
36 984 4.0
36 987 3.0
37 78 2.0
37 160 4.0
37 240 4.0
37 771 2.0
37 776 2.0
37 819 4.0
37 918 1.0
38 13 4.0
38 44 4.0
38 334 3.0
38 434 2.0
38 537 4.0
38 540 4.0
38 684 4.0
39 77 3.0
39 110 3.0
39 150 4.0
39 247 4.0
39 902 2.0
40 76 0.0
40 587 3.0
40 847 4.0
40 893 4.0
40 933 4.0
41 266 4.0
41 351 4.0
41 369 4.0
41 410 4.0
41 536 4.0
42 337 1.0
42 673 2.0
42 879 4.0
42 903 3.0
43 164 2.0
43 456 4.0
43 901 4.0
44 38 4.0
44 334 2.0
44 434 3.0
44 460 4.0
44 614 1.0
44 814 2.0
45 216 4.0
45 246 3.0
45 350 4.0
45 360 1.0
45 751 4.0
45 804 0.0
45 822 2.0
45 865 4.0
45 958 3.0
46 258 1.0
46 320 4.0
46 583 1.0
46 913 3.0
47 186 4.0
47 466 4.0
47 491 2.0
47 531 3.0
47 588 2.0
47 971 4.0
48 19 3.0
48 25 1.0
48 301 4.0
48 668 4.0
48 710 3.0
48 717 4.0
48 790 4.0
48 967 1.0
48 977 4.0
49 230 4.0
49 241 4.0
49 298 3.0
49 604 4.0
49 884 4.0
49 930 3.0
49 954 4.0
49 998 3.0
50 133 0.0
50 149 3.0
50 495 1.0
51 243 4.0
51 335 4.0
51 349 4.0
51 625 3.0
51 701 2.0
51 735 0.0
51 765 3.0
51 891 4.0
52 257 3.0
52 849 2.0
53 3 4.0
53 447 4.0
53 509 3.0
54 14 1.0
54 303 1.0
54 378 3.0
54 419 4.0
54 535 4.0
54 777 4.0
54 815 1.0
54 937 1.0
54 993 4.0
54 1009 3.0
55 98 3.0
55 186 4.0
55 405 4.0
55 466 3.0
55 807 1.0
56 249 3.0
56 278 3.0
56 383 3.0
56 551 3.0
56 721 4.0
56 829 4.0
57 2 3.0
57 250 4.0
57 295 4.0
57 346 4.0
57 368 3.0
57 394 2.0
57 449 3.0
57 569 1.0
58 27 3.0
58 33 4.0
58 236 4.0
58 528 4.0
58 534 2.0
58 545 4.0
59 154 4.0
59 169 3.0
59 431 4.0
59 512 3.0
59 634 4.0
59 955 2.0
59 1000 1.0
60 282 2.0
60 324 3.0
60 350 4.0
60 407 1.0
60 624 3.0
60 751 4.0
61 324 4.0
61 344 1.0
61 408 2.0
61 429 1.0
61 441 1.0
61 609 3.0
61 906 4.0
62 66 2.0
62 138 3.0
62 263 3.0
62 309 3.0
62 321 4.0
62 612 4.0
62 830 4.0
62 965 4.0
63 160 3.0
63 240 3.0
63 328 3.0
63 480 2.0
63 492 4.0
63 649 4.0
63 704 4.0
63 748 2.0
63 905 4.0
64 83 4.0
64 137 3.0
64 210 4.0
64 702 4.0
64 742 4.0
64 759 4.0
64 835 4.0
64 957 2.0
64 959 4.0
65 21 4.0
65 323 1.0
65 377 4.0
65 419 2.0
65 535 1.0
65 777 3.0
65 911 4.0
65 937 4.0
65 1009 4.0
66 62 2.0
66 138 1.0
66 245 4.0
66 263 4.0
66 275 3.0
66 309 4.0
66 321 4.0
66 554 3.0
66 612 3.0
66 992 4.0
67 109 4.0
67 472 4.0
67 474 3.0
67 631 4.0
68 71 3.0
68 426 3.0
68 566 3.0
68 719 1.0
68 791 4.0
68 880 3.0
69 116 4.0
69 353 1.0
69 500 4.0
69 607 2.0
69 621 4.0
69 889 4.0
69 1011 2.0
70 124 1.0
70 200 2.0
70 218 4.0
70 252 4.0
70 290 2.0
70 311 3.0
70 573 3.0
70 686 2.0
70 690 4.0
70 757 0.0
70 759 4.0
70 887 1.0
70 957 4.0
71 68 3.0
71 310 4.0
71 566 3.0
71 635 4.0
71 719 2.0
71 880 4.0
72 323 4.0
72 604 3.0
72 930 2.0
73 29 3.0
73 213 3.0
73 366 4.0
73 618 4.0
73 623 3.0
73 926 4.0
73 942 1.0
74 194 4.0
74 199 4.0
74 354 1.0
74 599 4.0
74 675 4.0
74 750 3.0
74 826 0.0
74 852 4.0
74 983 1.0
75 113 4.0
75 370 3.0
75 375 2.0
75 724 3.0
75 784 2.0
75 999 4.0
76 40 0.0
76 587 3.0
76 847 4.0
76 893 4.0
76 933 4.0
77 39 3.0
77 110 4.0
77 247 2.0
77 313 4.0
77 470 4.0
77 902 3.0
77 911 4.0
77 972 3.0
78 37 2.0
78 530 4.0
78 771 3.0
78 776 4.0
78 819 3.0
78 918 3.0
79 159 4.0
79 211 3.0
79 338 3.0
79 391 4.0
79 393 1.0
79 803 0.0
80 217 4.0
80 467 4.0
80 505 2.0
80 591 4.0
80 711 2.0
80 768 2.0
80 834 3.0
80 941 4.0
80 1006 3.0
81 7 4.0
81 179 2.0
81 319 4.0
81 384 3.0
81 597 3.0
81 763 2.0
81 855 2.0
81 862 2.0
81 922 4.0
81 1004 2.0
82 242 1.0
82 446 2.0
82 653 4.0
82 756 1.0
82 810 4.0
82 986 3.0
83 12 4.0
83 64 4.0
83 244 3.0
83 690 4.0
83 835 0.0
83 959 4.0
83 997 4.0
83 1003 4.0
84 4 1.0
84 359 1.0
84 579 4.0
84 712 4.0
84 769 1.0
84 785 3.0
84 796 4.0
84 860 1.0
85 205 4.0
85 230 4.0
85 241 4.0
85 519 3.0
85 705 4.0
85 954 4.0
85 998 3.0
86 30 1.0
86 367 4.0
86 839 2.0
86 950 3.0
86 985 3.0
87 208 4.0
87 548 1.0
87 651 3.0
87 663 4.0
87 714 3.0
87 888 4.0
87 947 3.0
87 995 1.0
88 239 4.0
88 262 4.0
88 459 4.0
88 542 4.0
88 552 3.0
88 560 4.0
88 616 4.0
88 739 1.0
88 766 4.0
88 948 1.0
88 973 4.0
89 6 3.0
89 161 4.0
89 380 4.0
89 794 3.0
89 847 4.0
89 910 4.0
89 933 3.0
89 943 2.0
90 255 3.0
91 9 4.0
91 15 4.0
91 180 2.0
91 373 3.0
91 388 1.0
91 403 3.0
91 628 3.0
91 720 4.0
91 722 3.0
91 770 4.0
91 878 4.0
91 987 4.0
92 33 3.0
92 100 4.0
92 131 4.0
92 268 4.0
93 209 4.0
93 322 2.0
93 670 1.0
93 853 1.0
93 1008 4.0
94 107 4.0
94 152 3.0
94 185 4.0
94 289 2.0
94 308 4.0
94 637 4.0
94 909 4.0
94 978 3.0
95 182 2.0
95 228 2.0
95 229 4.0
95 854 3.0
96 570 4.0
96 620 3.0
97 353 4.0
97 355 3.0
97 500 2.0
97 546 4.0
97 558 3.0
97 617 4.0
97 1011 4.0
98 55 3.0
98 466 4.0
98 489 3.0
98 807 4.0
99 214 1.0
99 248 2.0
99 305 3.0
100 33 4.0
100 36 4.0
100 92 4.0
100 409 4.0
100 628 4.0
100 656 1.0
100 718 4.0
100 720 4.0
100 770 4.0
100 987 4.0
101 197 2.0
101 211 4.0
101 265 4.0
101 411 4.0
101 515 1.0
102 219 2.0
102 806 3.0
102 934 4.0
102 951 4.0
102 964 3.0
103 188 3.0
103 372 2.0
103 443 2.0
103 550 4.0
103 582 1.0
103 908 4.0
104 416 3.0
104 418 2.0
104 453 3.0
104 457 0.0
104 585 1.0
104 708 4.0
104 863 4.0
105 444 4.0
105 550 4.0
105 561 3.0
105 709 3.0
105 713 4.0
105 908 4.0
105 992 4.0
106 111 4.0
106 129 3.0
106 166 3.0
106 198 1.0
106 725 1.0
107 94 4.0
107 264 2.0
107 289 2.0
107 308 2.0
107 703 4.0
108 302 4.0
108 606 2.0
108 639 4.0
109 67 4.0
109 135 4.0
109 474 3.0
109 801 4.0
110 21 2.0
110 39 3.0
110 77 4.0
110 247 3.0
110 777 4.0
110 902 1.0
110 911 4.0
110 972 4.0
111 32 4.0
111 106 4.0
111 193 4.0
111 524 4.0
111 773 4.0
111 797 4.0
111 871 2.0
112 379 3.0
112 802 4.0
112 850 3.0
112 897 4.0
112 909 4.0
113 75 4.0
113 269 3.0
113 294 2.0
113 370 3.0
113 374 2.0
113 397 4.0
113 778 4.0
113 784 1.0
113 919 4.0
114 121 1.0
114 299 3.0
114 364 4.0
114 436 4.0
114 672 4.0
114 747 4.0
114 858 3.0
114 869 4.0
114 928 1.0
115 162 4.0
115 223 4.0
115 254 3.0
115 331 4.0
115 428 3.0
115 481 4.0
115 574 4.0
115 608 2.0
115 760 4.0
115 775 3.0
115 952 3.0
116 69 4.0
116 353 4.0
116 487 3.0
116 502 4.0
116 607 3.0
116 621 3.0
116 640 4.0
116 889 3.0
116 896 2.0
116 1005 3.0
117 24 3.0
117 367 4.0
117 950 4.0
118 31 4.0
118 177 3.0
118 195 2.0
118 392 4.0
118 432 0.0
118 610 2.0
118 644 2.0
118 662 1.0
118 767 0.0
118 917 1.0
118 924 4.0
118 979 4.0
118 981 4.0
119 194 4.0
119 199 4.0
119 381 1.0
119 455 4.0
119 843 3.0
119 990 1.0
120 204 1.0
120 414 4.0
120 655 4.0
120 792 4.0
120 875 2.0
121 114 1.0
121 209 4.0
121 299 4.0
121 364 4.0
121 436 4.0
121 747 4.0
121 858 2.0
121 869 3.0
121 928 2.0
122 841 1.0
122 914 3.0
122 970 3.0
123 202 4.0
123 288 3.0
123 414 3.0
123 576 2.0
123 640 4.0
124 70 1.0
124 200 2.0
124 218 4.0
124 252 4.0
124 290 3.0
124 311 3.0
124 573 4.0
124 686 2.0
124 690 4.0
124 757 1.0
124 759 4.0
124 887 2.0
124 957 4.0
125 23 3.0
125 220 3.0
125 422 4.0
125 506 3.0
125 592 3.0
125 615 4.0
125 669 2.0
125 989 4.0
126 187 1.0
126 274 3.0
126 503 2.0
126 540 1.0
126 595 4.0
126 684 1.0
126 745 3.0
127 423 2.0
127 636 4.0
128 283 3.0
128 286 4.0
128 398 1.0
128 485 3.0
129 106 3.0
129 134 4.0
129 193 4.0
129 198 3.0
129 565 4.0
129 671 3.0
129 725 4.0
130 292 4.0
130 363 2.0
130 688 2.0
130 727 1.0
130 929 4.0
131 92 4.0
131 188 4.0
131 372 4.0
132 167 4.0
132 571 1.0
132 764 4.0
133 50 0.0
133 149 3.0
133 495 1.0
134 8 1.0
134 129 4.0
134 193 3.0
134 291 4.0
134 494 1.0
134 565 4.0
134 627 2.0
134 671 1.0
134 762 1.0
135 109 4.0
135 259 2.0
135 876 3.0
136 35 3.0
136 175 2.0
136 293 2.0
136 547 3.0
136 598 4.0
136 685 4.0
136 793 1.0
136 867 4.0
136 882 4.0
137 64 3.0
137 200 4.0
137 218 4.0
137 681 4.0
137 686 4.0
137 702 1.0
137 742 1.0
137 759 2.0
137 957 2.0
138 62 3.0
138 66 1.0
138 263 4.0
138 275 3.0
138 309 4.0
138 321 3.0
138 554 3.0
138 612 4.0
138 713 4.0
138 830 4.0
138 992 3.0
139 161 4.0
139 189 4.0
139 385 3.0
139 833 3.0
139 867 4.0
140 333 1.0
140 389 4.0
140 504 2.0
140 772 4.0
141 557 4.0
141 639 4.0
141 661 4.0
141 723 3.0
142 425 4.0
142 642 2.0
143 177 3.0
143 196 1.0
143 316 1.0
143 392 2.0
143 463 4.0
143 629 4.0
143 644 3.0
143 979 3.0
143 981 4.0
144 165 4.0
144 341 1.0
144 467 4.0
144 591 4.0
144 600 2.0
144 665 4.0
144 809 4.0
145 402 4.0
145 430 3.0
145 521 4.0
145 553 3.0
145 577 3.0
145 682 4.0
145 799 4.0
145 856 1.0
146 276 4.0
146 339 2.0
146 343 4.0
146 451 1.0
146 508 4.0
146 716 2.0
147 10 3.0
147 13 4.0
147 386 3.0
147 434 3.0
147 460 1.0
147 537 3.0
147 613 4.0
147 728 4.0
148 333 4.0
148 496 4.0
148 692 3.0
149 50 3.0
149 133 3.0
149 495 4.0
149 919 4.0
150 39 4.0
150 351 4.0
150 369 4.0
150 387 3.0
150 410 3.0
150 536 1.0
150 659 1.0
151 8 4.0
151 291 3.0
151 340 3.0
151 494 4.0
151 522 1.0
151 627 4.0
151 762 4.0
151 938 1.0
152 94 3.0
152 185 1.0
152 289 4.0
152 400 4.0
152 539 4.0
152 637 1.0
152 897 3.0
152 909 4.0
152 978 2.0
153 190 1.0
153 527 2.0
153 661 2.0
153 736 2.0
153 828 3.0
153 976 4.0
154 11 4.0
154 59 4.0
154 448 4.0
154 512 3.0
154 634 1.0
154 955 3.0
154 1000 4.0
155 5 1.0
155 9 4.0
155 184 2.0
155 291 4.0
155 510 2.0
155 627 4.0
155 866 1.0
156 508 4.0
156 633 3.0
156 664 4.0
156 695 3.0
156 921 1.0
156 1012 3.0
157 593 3.0
157 733 4.0
157 819 4.0
157 848 3.0
158 313 2.0
158 327 4.0
158 470 3.0
158 731 1.0
158 972 4.0
158 1013 4.0
159 79 4.0
159 393 3.0
159 444 4.0
159 561 4.0
159 803 4.0
159 960 3.0
160 37 4.0
160 63 3.0
160 240 0.0
160 448 3.0
160 649 3.0
160 918 4.0
161 89 4.0
161 139 4.0
161 296 4.0
161 476 4.0
161 794 2.0
161 910 1.0
161 943 4.0
162 115 4.0
162 331 2.0
162 390 2.0
162 428 1.0
162 549 1.0
162 574 3.0
162 608 4.0
162 952 3.0
163 417 2.0
163 552 4.0
163 560 1.0
163 652 1.0
163 795 4.0
163 973 4.0
164 43 2.0
164 336 4.0
164 901 2.0
165 144 4.0
165 341 3.0
165 665 1.0
165 809 0.0
166 106 3.0
166 198 2.0
166 395 3.0
166 501 2.0
166 725 2.0
166 879 3.0
167 132 4.0
167 330 4.0
167 571 4.0
167 667 2.0
168 425 3.0
168 517 3.0
168 642 4.0
168 749 4.0
168 876 4.0
169 59 3.0
169 431 4.0
169 955 4.0
169 1000 3.0
170 3 3.0
170 509 4.0
170 511 3.0
171 220 4.0
171 221 2.0
171 348 1.0
171 506 3.0
171 592 4.0
171 827 2.0
171 989 2.0
172 405 4.0
172 462 4.0
172 486 1.0
172 531 3.0
172 533 4.0
172 620 4.0
172 874 2.0
172 949 3.0
172 963 2.0
173 182 3.0
173 190 4.0
173 204 4.0
173 655 1.0
173 736 4.0
174 179 4.0
174 223 4.0
174 384 3.0
174 605 4.0
174 741 4.0
174 818 4.0
174 923 3.0
174 975 3.0
174 1004 4.0
175 136 2.0
175 293 3.0
175 793 1.0
176 667 4.0
176 764 2.0
176 996 2.0
177 118 3.0
177 143 3.0
177 196 4.0
177 316 3.0
177 392 2.0
177 432 3.0
177 610 4.0
177 644 1.0
177 662 4.0
177 767 3.0
177 917 4.0
177 979 3.0
177 981 2.0
178 183 3.0
178 892 2.0
179 7 4.0
179 81 2.0
179 174 4.0
179 319 4.0
179 384 1.0
179 597 4.0
179 763 4.0
179 818 4.0
179 855 4.0
179 862 2.0
179 1004 1.0
180 9 4.0
180 15 2.0
180 20 4.0
180 91 2.0
180 373 1.0
180 388 3.0
180 628 3.0
180 720 3.0
180 984 4.0
180 987 3.0
181 183 4.0
181 303 4.0
181 378 4.0
181 729 4.0
181 988 1.0
182 95 2.0
182 173 3.0
182 190 4.0
182 228 3.0
182 655 4.0
182 854 4.0
183 178 3.0
183 181 4.0
183 892 4.0
183 988 4.0
184 5 3.0
184 22 4.0
184 155 2.0
184 291 3.0
184 510 2.0
184 627 4.0
184 866 2.0
185 94 4.0
185 152 1.0
185 400 4.0
185 539 3.0
185 637 1.0
185 897 3.0
185 978 2.0
186 47 4.0
186 55 4.0
186 405 3.0
186 466 1.0
186 491 3.0
186 531 2.0
186 807 4.0
186 874 4.0
186 949 3.0
186 963 3.0
187 126 1.0
187 274 3.0
187 503 2.0
187 540 3.0
187 595 4.0
187 682 4.0
187 684 3.0
187 745 1.0
188 103 3.0
188 131 4.0
188 372 1.0
188 443 1.0
188 550 3.0
188 582 2.0
189 139 4.0
189 312 3.0
189 385 1.0
189 580 4.0
189 783 4.0
189 846 2.0
189 927 4.0
190 153 1.0
190 173 4.0
190 182 4.0
190 527 3.0
190 661 3.0
190 736 1.0
190 828 4.0
190 976 4.0
191 205 4.0
191 498 4.0
191 519 4.0
191 559 1.0
191 572 1.0
191 594 2.0
191 705 4.0
191 805 3.0
192 203 4.0
192 273 1.0
192 310 4.0
192 376 4.0
192 424 3.0
192 493 3.0
192 635 4.0
192 786 2.0
192 982 4.0
193 8 4.0
193 111 4.0
193 129 4.0
193 134 3.0
193 494 4.0
193 522 4.0
193 671 4.0
193 762 3.0
193 871 3.0
194 74 4.0
194 119 4.0
194 199 1.0
194 354 2.0
194 381 4.0
194 455 4.0
194 675 2.0
194 826 4.0
194 983 2.0
195 118 2.0
195 432 2.0
195 610 2.0
195 644 4.0
195 662 2.0
195 767 2.0
195 917 1.0
196 143 1.0
196 177 4.0
196 316 2.0
196 392 3.0
196 463 2.0
196 629 3.0
196 644 4.0
196 668 4.0
196 979 4.0
197 7 3.0
197 101 2.0
197 211 3.0
197 256 4.0
197 319 3.0
197 411 2.0
197 515 1.0
197 597 4.0
197 647 3.0
198 106 1.0
198 129 3.0
198 166 2.0
198 501 4.0
198 725 1.0
199 74 4.0
199 119 4.0
199 194 1.0
199 354 3.0
199 381 4.0
199 455 3.0
199 675 3.0
199 826 4.0
199 983 3.0
200 70 2.0
200 124 2.0
200 137 4.0
200 218 2.0
200 290 4.0
200 686 1.0
200 702 4.0
200 742 4.0
200 757 2.0
200 759 2.0
200 887 3.0
200 957 3.0
201 366 3.0
201 552 4.0
201 618 2.0
201 743 4.0
201 872 2.0
202 123 4.0
202 253 4.0
202 365 4.0
202 502 4.0
202 816 4.0
202 859 4.0
203 192 4.0
203 226 2.0
203 273 3.0
203 310 3.0
203 376 3.0
203 635 3.0
203 786 3.0
204 120 1.0
204 173 4.0
204 655 3.0
204 875 2.0
205 85 4.0
205 191 4.0
205 498 3.0
205 519 1.0
205 520 3.0
205 559 4.0
205 572 3.0
205 594 4.0
205 603 4.0
205 705 0.0
206 663 4.0
206 680 3.0
206 714 4.0
206 851 4.0
207 475 2.0
207 590 4.0
207 813 2.0
208 87 4.0
208 548 4.0
208 599 3.0
208 611 4.0
208 651 3.0
208 663 4.0
208 714 4.0
208 750 4.0
208 851 3.0
208 852 3.0
208 888 1.0
209 93 4.0
209 121 4.0
209 322 1.0
209 670 2.0
209 853 3.0
209 858 2.0
210 64 4.0
210 224 3.0
210 237 4.0
210 959 1.0
210 971 3.0
211 79 3.0
211 101 4.0
211 197 3.0
211 256 4.0
211 338 4.0
211 393 4.0
211 515 3.0
211 647 3.0
211 803 3.0
212 230 1.0
212 241 2.0
212 298 4.0
212 314 2.0
212 479 2.0
212 884 2.0
212 954 2.0
212 998 3.0
213 73 3.0
213 297 3.0
213 366 4.0
213 458 2.0
213 618 4.0
213 623 1.0
213 942 4.0
214 99 1.0
214 248 2.0
214 270 4.0
214 305 3.0
214 400 4.0
214 539 4.0
215 225 1.0
215 304 4.0
215 497 4.0
215 546 2.0
216 45 4.0
216 412 4.0
216 780 4.0
216 804 4.0
216 811 4.0
216 865 0.0
216 935 1.0
216 958 1.0
217 80 4.0
217 237 4.0
217 347 4.0
217 467 2.0
217 505 2.0
217 591 2.0
217 711 4.0
217 768 2.0
217 941 3.0
218 70 4.0
218 124 4.0
218 137 4.0
218 200 2.0
218 290 4.0
218 686 2.0
218 702 3.0
218 710 4.0
218 742 3.0
218 757 4.0
218 759 2.0
218 887 4.0
218 957 4.0
219 102 2.0
219 468 4.0
219 806 1.0
219 934 4.0
219 951 3.0
219 964 1.0
220 23 4.0
220 125 3.0
220 171 4.0
220 221 3.0
220 348 4.0
220 413 4.0
220 506 4.0
220 615 4.0
220 989 4.0
221 171 2.0
221 220 3.0
221 348 1.0
221 413 4.0
221 506 4.0
221 827 4.0
221 989 4.0
222 251 0.0
222 402 3.0
222 577 4.0
222 595 4.0
222 682 4.0
222 799 1.0
223 115 4.0
223 174 4.0
223 608 3.0
223 741 1.0
223 760 2.0
223 789 4.0
223 923 4.0
223 975 1.0
224 210 3.0
224 237 2.0
224 491 4.0
224 941 4.0
224 959 4.0
224 971 1.0
225 215 1.0
225 270 4.0
225 304 3.0
225 382 4.0
225 421 4.0
225 497 4.0
225 546 3.0
226 203 2.0
226 310 4.0
226 340 4.0
226 635 4.0
227 332 2.0
227 543 2.0
227 653 4.0
227 706 4.0
227 810 4.0
227 836 4.0
227 946 3.0
228 95 2.0
228 182 3.0
228 229 3.0
228 854 1.0
228 903 4.0
229 95 4.0
229 228 3.0
229 395 2.0
229 501 3.0
229 854 3.0
229 879 3.0
229 903 3.0
230 49 4.0
230 85 4.0
230 212 1.0
230 241 1.0
230 298 3.0
230 314 3.0
230 479 4.0
230 884 1.0
230 954 1.0
230 998 2.0
231 300 1.0
231 378 4.0
231 643 3.0
231 729 3.0
231 877 0.0
231 883 1.0
231 900 4.0
231 993 2.0
232 277 2.0
232 284 4.0
232 678 1.0
232 732 3.0
232 868 4.0
233 255 4.0
233 306 1.0
233 325 1.0
233 578 4.0
233 961 4.0
234 471 4.0
234 677 3.0
234 689 2.0
234 694 0.0
234 699 1.0
234 724 4.0
234 740 4.0
234 999 2.0
235 245 1.0
235 256 4.0
235 391 4.0
235 513 1.0
235 516 4.0
235 554 4.0
235 612 2.0
235 763 3.0
235 855 4.0
235 922 3.0
235 965 4.0
236 58 4.0
236 263 4.0
236 268 4.0
236 309 4.0
236 450 2.0
236 545 0.0
236 830 4.0
237 210 4.0
237 217 4.0
237 224 2.0
237 505 4.0
237 711 4.0
237 768 4.0
237 941 2.0
237 959 4.0
237 971 4.0
238 16 3.0
238 17 2.0
238 281 4.0
238 352 3.0
238 733 4.0
238 746 2.0
238 782 1.0
239 88 4.0
239 262 1.0
239 542 2.0
239 616 1.0
239 739 3.0
239 753 4.0
239 948 3.0
239 973 4.0
240 37 4.0
240 63 3.0
240 160 0.0
240 448 3.0
240 649 3.0
240 918 4.0
241 49 4.0
241 85 4.0
241 212 2.0
241 230 1.0
241 298 3.0
241 314 4.0
241 479 4.0
241 884 1.0
241 954 0.0
241 998 1.0
242 82 1.0
242 446 3.0
242 526 4.0
242 653 3.0
242 756 0.0
242 810 3.0
242 986 4.0
243 51 4.0
243 658 1.0
243 700 2.0
243 701 4.0
243 735 4.0
243 765 3.0
243 864 2.0
243 886 3.0
243 895 1.0
244 12 3.0
244 83 3.0
244 523 4.0
244 690 4.0
244 835 3.0
244 997 2.0
244 1003 1.0
245 66 4.0
245 235 1.0
245 275 4.0
245 391 4.0
245 513 1.0
245 516 4.0
245 554 3.0
245 612 1.0
245 763 4.0
245 922 4.0
245 965 4.0
246 45 3.0
246 282 4.0
246 350 1.0
246 360 3.0
246 407 4.0
246 601 4.0
246 624 2.0
246 751 3.0
246 804 3.0
246 958 4.0
247 21 4.0
247 39 4.0
247 77 2.0
247 110 3.0
247 470 3.0
247 902 2.0
247 911 2.0
247 972 1.0
247 1013 4.0
248 99 2.0
248 214 2.0
248 270 3.0
248 305 1.0
248 421 4.0
249 56 3.0
249 278 4.0
249 383 2.0
249 456 4.0
249 829 1.0
249 898 3.0
250 57 4.0
250 346 4.0
250 567 4.0
250 569 4.0
250 788 3.0
251 222 0.0
251 402 3.0
251 577 4.0
251 595 4.0
251 682 4.0
251 799 1.0
252 12 3.0
252 70 4.0
252 124 4.0
252 311 1.0
252 690 2.0
252 757 4.0
252 825 4.0
252 887 4.0
252 997 4.0
253 202 4.0
253 261 3.0
253 365 4.0
253 487 2.0
253 502 1.0
253 697 4.0
253 816 2.0
253 889 4.0
254 115 3.0
254 342 4.0
254 481 3.0
254 608 4.0
254 760 4.0
254 775 2.0
254 789 3.0
254 932 3.0
254 952 4.0
254 1010 4.0
255 90 3.0
255 233 4.0
255 306 3.0
255 325 3.0
255 581 4.0
255 808 4.0
255 961 4.0
256 7 3.0
256 197 4.0
256 211 4.0
256 235 4.0
256 319 3.0
256 338 3.0
256 391 4.0
256 411 3.0
256 515 4.0
256 597 3.0
256 647 1.0
256 763 4.0
256 862 4.0
257 34 4.0
257 52 3.0
257 638 2.0
258 46 1.0
258 320 4.0
258 583 2.0
258 913 2.0
259 135 2.0
259 317 4.0
259 425 4.0
259 578 4.0
259 589 4.0
259 876 1.0
260 859 3.0
260 894 2.0
260 931 4.0
260 976 4.0
261 253 3.0
261 355 4.0
261 365 4.0
261 382 4.0
261 401 3.0
261 478 4.0
261 487 4.0
261 500 4.0
261 502 4.0
261 697 1.0
261 816 3.0
261 889 4.0
262 88 4.0
262 239 1.0
262 459 4.0
262 542 1.0
262 616 2.0
262 739 3.0
262 753 4.0
262 948 3.0
263 62 3.0
263 66 4.0
263 138 4.0
263 236 4.0
263 309 0.0
263 321 1.0
263 450 3.0
263 545 4.0
263 713 2.0
263 830 1.0
263 992 3.0
264 107 2.0
264 289 4.0
264 308 3.0
264 703 4.0
264 838 3.0
265 101 4.0
265 605 4.0
265 818 4.0
266 41 4.0
267 362 2.0
267 396 2.0
267 517 3.0
267 758 3.0
267 801 3.0
268 33 4.0
268 92 4.0
268 236 4.0
268 450 2.0
268 545 4.0
268 713 4.0
268 830 4.0
269 113 3.0
269 294 3.0
269 374 4.0
269 397 1.0
269 778 2.0
269 784 3.0
270 214 4.0
270 225 4.0
270 248 3.0
270 305 2.0
270 421 1.0
270 497 4.0
270 539 4.0
271 558 4.0
271 1011 4.0
272 342 2.0
272 760 4.0
272 789 3.0
272 795 3.0
272 1010 2.0
273 192 1.0
273 203 3.0
273 310 4.0
273 376 4.0
273 424 4.0
273 493 4.0
273 635 4.0
273 786 2.0
274 126 3.0
274 187 3.0
274 402 3.0
274 540 4.0
274 577 3.0
274 595 1.0
274 682 2.0
274 684 4.0
274 745 3.0
275 66 3.0
275 138 3.0
275 245 4.0
275 338 4.0
275 391 2.0
275 554 1.0
275 612 4.0
276 146 4.0
276 451 3.0
276 604 4.0
276 716 2.0
277 232 2.0
277 284 3.0
277 315 4.0
277 544 4.0
277 678 2.0
278 56 3.0
278 249 4.0
278 383 3.0
278 484 4.0
278 551 1.0
279 650 1.0
279 696 3.0
279 698 4.0
279 781 4.0
279 857 2.0
279 916 4.0
279 991 4.0
280 438 4.0
280 602 1.0
280 732 2.0
280 820 1.0
280 842 4.0
280 868 1.0
281 17 3.0
281 238 4.0
281 352 1.0
281 707 4.0
281 746 4.0
281 781 3.0
281 782 3.0
282 60 2.0
282 246 4.0
282 350 4.0
282 407 1.0
282 624 3.0
283 128 3.0
283 286 2.0
283 398 3.0
283 482 3.0
284 232 4.0
284 277 3.0
284 431 4.0
284 544 2.0
284 678 4.0
285 329 1.0
285 483 4.0
285 555 4.0
285 631 2.0
285 845 2.0
286 20 4.0
286 128 4.0
286 283 2.0
286 482 1.0
286 984 3.0
287 412 2.0
287 521 2.0
287 553 3.0
287 556 4.0
287 654 3.0
287 780 2.0
287 944 4.0
287 945 4.0
288 123 3.0
288 576 4.0
288 640 2.0
288 730 4.0
288 896 4.0
288 1005 3.0
289 94 2.0
289 107 2.0
289 152 4.0
289 264 4.0
289 308 3.0
289 703 4.0
289 978 4.0
290 70 2.0
290 124 3.0
290 200 4.0
290 218 4.0
290 311 4.0
290 573 1.0
290 686 3.0
290 721 4.0
290 757 2.0
290 887 1.0
290 962 4.0
291 8 3.0
291 134 4.0
291 151 3.0
291 155 4.0
291 184 3.0
291 494 3.0
291 522 4.0
291 627 2.0
291 762 3.0
291 866 3.0
291 938 4.0
292 16 3.0
292 130 4.0
292 564 4.0
292 688 4.0
292 727 4.0
292 733 2.0
292 929 2.0
293 35 2.0
293 136 2.0
293 175 3.0
293 547 2.0
293 580 3.0
293 598 4.0
293 685 3.0
293 787 4.0
293 793 2.0
293 867 2.0
293 882 4.0
294 113 2.0
294 269 3.0
294 374 2.0
294 397 3.0
294 784 4.0
294 907 3.0
294 919 4.0
295 57 4.0
295 394 2.0
295 449 1.0
295 453 4.0
295 755 2.0
295 863 4.0
296 161 4.0
296 476 1.0
296 703 3.0
296 837 4.0
296 910 3.0
297 213 3.0
297 366 3.0
297 458 3.0
297 618 4.0
297 623 4.0
298 49 3.0
298 212 4.0
298 230 3.0
298 241 3.0
298 344 4.0
298 604 3.0
298 884 2.0
298 930 4.0
298 954 3.0
298 998 4.0
299 114 3.0
299 121 4.0
299 364 4.0
299 436 4.0
299 672 2.0
299 747 3.0
299 752 2.0
299 869 3.0
299 873 4.0
299 915 4.0
299 928 3.0
300 231 1.0
300 378 4.0
300 643 4.0
300 729 3.0
300 877 1.0
300 883 2.0
300 900 4.0
300 993 3.0
301 19 3.0
301 25 4.0
301 31 4.0
301 48 4.0
301 668 3.0
301 710 4.0
301 924 4.0
301 967 3.0
301 977 2.0
301 980 3.0
302 1 3.0
302 108 4.0
302 974 4.0
303 14 2.0
303 54 1.0
303 181 4.0
303 378 4.0
303 419 4.0
303 535 4.0
303 777 3.0
303 815 2.0
303 937 1.0
303 1009 4.0
304 215 4.0
304 225 3.0
304 382 2.0
304 697 4.0
305 99 3.0
305 214 3.0
305 248 1.0
305 270 2.0
305 421 4.0
306 233 1.0
306 255 3.0
306 325 1.0
306 961 3.0
307 326 1.0
307 361 2.0
307 817 2.0
308 94 4.0
308 107 2.0
308 264 3.0
308 289 3.0
308 978 4.0
309 62 3.0
309 66 4.0
309 138 4.0
309 236 4.0
309 263 0.0
309 321 1.0
309 450 3.0
309 545 4.0
309 713 2.0
309 830 1.0
309 992 3.0
310 71 4.0
310 192 4.0
310 203 3.0
310 226 4.0
310 273 4.0
310 376 1.0
310 635 0.0
310 719 4.0
310 786 2.0
310 982 4.0
311 12 4.0
311 70 3.0
311 124 3.0
311 252 1.0
311 290 4.0
311 573 4.0
311 690 3.0
311 721 4.0
311 757 3.0
311 887 3.0
312 189 3.0
312 385 4.0
312 794 4.0
312 846 3.0
312 847 4.0
313 77 4.0
313 158 2.0
313 327 4.0
313 446 3.0
313 470 4.0
313 731 2.0
314 212 2.0
314 230 3.0
314 241 4.0
314 406 4.0
314 479 1.0
314 884 4.0
314 954 4.0
314 998 4.0
315 11 2.0
315 277 4.0
315 431 3.0
315 544 4.0
315 955 4.0
315 1000 4.0
316 143 1.0
316 177 3.0
316 196 2.0
316 392 3.0
316 463 4.0
316 644 4.0
316 979 4.0
316 981 4.0
317 259 4.0
317 589 2.0
317 730 4.0
317 876 4.0
318 389 3.0
318 496 2.0
318 641 2.0
318 656 4.0
318 722 3.0
318 770 2.0
318 772 4.0
318 878 1.0
319 7 0.0
319 81 4.0
319 179 4.0
319 197 3.0
319 256 3.0
319 411 1.0
319 515 4.0
319 597 1.0
319 647 3.0
319 763 4.0
319 818 3.0
319 862 2.0
320 46 4.0
320 258 4.0
320 583 2.0
320 692 4.0
320 844 2.0
321 62 4.0
321 66 4.0
321 138 3.0
321 263 1.0
321 309 1.0
321 450 4.0
321 713 1.0
321 830 1.0
321 992 2.0
322 93 2.0
322 209 1.0
322 670 1.0
322 853 2.0
322 858 4.0
323 21 4.0
323 65 1.0
323 72 4.0
323 377 4.0
323 419 3.0
323 535 2.0
323 777 4.0
323 911 4.0
323 1009 4.0
323 1013 4.0
324 60 3.0
324 61 4.0
324 407 4.0
324 408 3.0
324 429 4.0
324 441 3.0
324 609 4.0
324 906 3.0
325 233 1.0
325 255 3.0
325 306 1.0
325 581 4.0
325 899 4.0
325 961 2.0
326 307 1.0
326 361 3.0
326 817 3.0
326 885 4.0
327 158 4.0
327 313 4.0
327 446 4.0
327 526 3.0
327 731 2.0
327 904 4.0
328 63 3.0
328 480 1.0
328 492 1.0
328 530 3.0
328 704 2.0
328 712 4.0
328 748 2.0
328 905 2.0
329 285 1.0
329 483 3.0
329 555 4.0
329 631 1.0
329 845 2.0
330 167 4.0
330 399 2.0
330 827 4.0
330 920 1.0
331 115 4.0
331 162 2.0
331 390 4.0
331 428 2.0
331 549 4.0
331 574 1.0
331 608 3.0
331 952 4.0
332 227 2.0
332 473 4.0
332 543 4.0
332 706 4.0
332 836 4.0
332 946 1.0
333 140 1.0
333 148 4.0
333 504 3.0
333 772 4.0
334 38 3.0
334 44 2.0
334 434 4.0
334 540 4.0
334 614 3.0
334 684 4.0
334 814 4.0
335 51 4.0
335 528 3.0
335 534 4.0
335 625 1.0
335 683 3.0
335 735 4.0
335 891 4.0
336 164 4.0
336 404 2.0
336 901 4.0
337 42 1.0
337 673 4.0
337 728 4.0
337 879 4.0
337 903 3.0
338 79 3.0
338 211 4.0
338 256 3.0
338 275 4.0
338 391 1.0
338 393 4.0
338 554 4.0
338 647 3.0
338 803 3.0
339 146 2.0
339 343 2.0
339 451 3.0
339 676 3.0
339 716 4.0
339 904 4.0
340 151 3.0
340 226 4.0
340 522 2.0
340 938 2.0
341 144 1.0
341 165 3.0
341 600 3.0
341 665 3.0
341 809 3.0
342 254 4.0
342 272 2.0
342 741 4.0
342 760 3.0
342 789 1.0
342 795 4.0
342 1010 0.0
343 146 4.0
343 339 2.0
343 676 2.0
343 904 2.0
344 61 1.0
344 298 4.0
344 408 3.0
344 429 1.0
344 441 2.0
344 609 4.0
344 884 4.0
344 906 4.0
345 452 1.0
345 472 3.0
345 514 3.0
345 562 0.0
345 648 1.0
345 754 4.0
345 792 3.0
345 1007 2.0
346 57 4.0
346 250 4.0
346 394 4.0
346 449 4.0
346 598 4.0
346 685 4.0
346 755 4.0
346 787 4.0
346 882 4.0
347 217 4.0
347 467 2.0
347 523 2.0
347 591 2.0
347 600 4.0
348 171 1.0
348 220 4.0
348 221 1.0
348 506 4.0
348 827 3.0
348 989 3.0
349 51 4.0
349 691 2.0
349 700 4.0
349 701 2.0
349 735 4.0
349 765 2.0
349 936 4.0
350 45 4.0
350 60 4.0
350 246 1.0
350 282 4.0
350 360 4.0
350 407 4.0
350 624 2.0
350 751 4.0
350 804 4.0
351 41 4.0
351 150 4.0
351 369 0.0
351 387 1.0
351 536 3.0
351 659 3.0
351 821 2.0
352 17 2.0
352 238 3.0
352 281 1.0
352 746 2.0
352 781 4.0
352 782 2.0
353 69 1.0
353 97 4.0
353 116 4.0
353 355 4.0
353 500 3.0
353 558 4.0
353 607 4.0
353 889 4.0
353 1011 2.0
354 74 1.0
354 194 2.0
354 199 3.0
354 599 4.0
354 675 3.0
354 750 4.0
354 826 1.0
354 852 4.0
354 983 0.0
355 97 3.0
355 261 4.0
355 353 4.0
355 500 1.0
355 697 3.0
355 889 3.0
356 629 4.0
356 717 2.0
357 377 4.0
357 420 3.0
357 603 3.0
357 626 3.0
357 969 3.0
357 1009 4.0
358 584 1.0
358 660 1.0
358 822 4.0
359 4 1.0
359 84 1.0
359 704 4.0
359 712 4.0
359 769 2.0
359 785 4.0
359 796 4.0
359 860 0.0
359 905 4.0
360 45 1.0
360 246 3.0
360 350 4.0
360 601 4.0
360 624 4.0
360 751 4.0
360 804 1.0
360 822 3.0
360 958 4.0
361 307 2.0
361 326 3.0
361 817 3.0
362 267 2.0
362 396 0.0
362 499 4.0
362 517 4.0
362 758 2.0
362 801 4.0
363 130 2.0
363 688 4.0
363 727 1.0
364 114 4.0
364 121 4.0
364 299 4.0
364 436 0.0
364 747 1.0
364 752 4.0
364 831 3.0
364 869 1.0
364 915 4.0
365 202 4.0
365 253 4.0
365 261 4.0
365 401 3.0
365 478 2.0
365 816 2.0
365 859 4.0
365 894 4.0
365 931 4.0
366 73 4.0
366 201 3.0
366 213 4.0
366 297 3.0
366 618 1.0
366 623 4.0
366 872 4.0
367 17 4.0
367 24 1.0
367 30 3.0
367 86 4.0
367 117 4.0
367 782 4.0
367 839 2.0
367 950 2.0
368 2 1.0
368 57 3.0
368 569 2.0
369 41 4.0
369 150 4.0
369 351 0.0
369 387 1.0
369 536 3.0
369 659 3.0
369 821 2.0
370 75 3.0
370 113 3.0
370 374 3.0
370 375 3.0
370 784 3.0
370 919 2.0
371 26 4.0
371 676 4.0
371 749 3.0
372 103 2.0
372 131 4.0
372 188 1.0
372 443 1.0
372 550 3.0
372 582 1.0
373 9 3.0
373 15 3.0
373 20 4.0
373 91 3.0
373 180 1.0
373 388 4.0
373 628 4.0
373 720 4.0
373 984 4.0
373 987 4.0
374 113 2.0
374 269 4.0
374 294 2.0
374 370 3.0
374 784 3.0
374 907 4.0
374 919 2.0
375 75 2.0
375 370 3.0
375 724 3.0
375 784 4.0
376 192 4.0
376 203 3.0
376 273 4.0
376 310 1.0
376 635 1.0
376 786 1.0
376 982 3.0
377 65 4.0
377 323 4.0
377 357 4.0
377 419 2.0
377 420 1.0
377 535 4.0
377 937 4.0
377 1009 2.0
378 14 2.0
378 54 3.0
378 181 4.0
378 231 4.0
378 300 4.0
378 303 4.0
378 729 4.0
378 815 2.0
378 877 4.0
378 883 3.0
378 937 4.0
378 993 1.0
379 112 3.0
379 380 4.0
379 837 3.0
379 909 4.0
380 6 2.0
380 89 4.0
380 379 4.0
380 454 4.0
380 823 4.0
380 933 4.0
381 119 1.0
381 194 4.0
381 199 4.0
381 455 2.0
381 843 4.0
381 990 3.0
382 225 4.0
382 261 4.0
382 304 2.0
382 401 3.0
382 478 4.0
382 697 3.0
383 56 3.0
383 249 2.0
383 278 3.0
383 551 4.0
383 829 3.0
383 898 3.0
384 81 3.0
384 174 3.0
384 179 1.0
384 597 4.0
384 818 4.0
384 855 4.0
384 862 3.0
384 1004 1.0
385 139 3.0
385 189 1.0
385 312 4.0
385 580 3.0
385 783 4.0
385 846 3.0
385 867 4.0
386 10 1.0
386 147 3.0
386 437 4.0
386 460 4.0
386 537 4.0
386 613 1.0
386 728 4.0
386 744 2.0
387 150 3.0
387 351 1.0
387 369 1.0
387 536 2.0
387 659 2.0
387 821 3.0
388 15 4.0
388 91 1.0
388 180 3.0
388 373 4.0
388 403 2.0
388 496 4.0
388 628 4.0
388 720 4.0
388 722 2.0
388 770 4.0
388 878 4.0
388 987 4.0
389 140 4.0
389 318 3.0
389 496 4.0
389 504 2.0
389 641 1.0
389 772 1.0
389 878 4.0
390 162 2.0
390 331 4.0
390 428 3.0
390 549 1.0
390 952 3.0
391 79 4.0
391 235 4.0
391 245 4.0
391 256 4.0
391 275 2.0
391 338 1.0
391 554 2.0
391 612 4.0
391 647 4.0
391 803 4.0
392 31 4.0
392 118 4.0
392 143 2.0
392 177 2.0
392 196 3.0
392 316 3.0
392 432 4.0
392 644 1.0
392 662 4.0
392 767 4.0
392 917 4.0
392 924 4.0
392 979 1.0
392 981 4.0
393 79 1.0
393 159 3.0
393 211 4.0
393 338 4.0
393 803 1.0
394 57 2.0
394 295 2.0
394 346 4.0
394 449 1.0
394 569 3.0
394 755 3.0
395 166 3.0
395 229 2.0
395 501 1.0
395 854 4.0
395 879 1.0
395 903 2.0
396 267 2.0
396 362 0.0
396 499 4.0
396 517 4.0
396 758 2.0
396 801 4.0
397 113 4.0
397 269 1.0
397 294 3.0
397 778 2.0
397 784 4.0
398 128 1.0
398 283 3.0
398 485 4.0
398 606 4.0
399 330 2.0
399 827 3.0
399 920 3.0
400 152 4.0
400 185 4.0
400 214 4.0
400 539 3.0
400 637 4.0
400 850 4.0
400 897 2.0
401 261 3.0
401 365 3.0
401 382 3.0
401 478 1.0
401 697 3.0
401 816 4.0
401 931 3.0
402 145 4.0
402 222 3.0
402 251 3.0
402 274 3.0
402 577 1.0
402 595 2.0
402 682 1.0
402 799 3.0
402 856 3.0
403 91 3.0
403 388 2.0
403 496 4.0
403 722 2.0
403 779 3.0
403 878 4.0
404 336 2.0
404 600 4.0
405 55 4.0
405 172 4.0
405 186 3.0
405 440 4.0
405 466 4.0
405 531 4.0
405 533 2.0
405 807 4.0
405 874 2.0
405 949 1.0
405 963 2.0
406 314 4.0
406 479 4.0
407 60 1.0
407 246 4.0
407 282 1.0
407 324 4.0
407 350 4.0
407 624 2.0
407 751 4.0
408 61 2.0
408 324 3.0
408 344 3.0
408 429 3.0
408 441 2.0
408 609 1.0
408 906 1.0
409 15 3.0
409 20 3.0
409 36 1.0
409 100 4.0
409 622 4.0
409 628 3.0
409 656 4.0
409 718 1.0
409 720 2.0
409 984 4.0
409 987 2.0
410 41 4.0
410 150 3.0
410 536 4.0
410 659 4.0
411 7 1.0
411 101 4.0
411 197 2.0
411 256 3.0
411 319 1.0
411 515 3.0
411 597 2.0
411 647 3.0
411 818 3.0
411 862 3.0
412 216 4.0
412 287 2.0
412 521 3.0
412 780 0.0
412 865 4.0
412 958 4.0
413 220 4.0
413 221 4.0
414 120 4.0
414 123 3.0
414 576 1.0
414 792 4.0
414 875 4.0
415 488 2.0
415 516 3.0
415 542 4.0
415 753 3.0
415 886 4.0
415 965 4.0
415 966 1.0
416 104 3.0
416 418 3.0
416 457 3.0
416 585 2.0
417 163 2.0
417 552 2.0
417 560 2.0
417 652 1.0
418 104 2.0
418 416 3.0
418 453 3.0
418 457 2.0
418 585 1.0
418 708 4.0
418 863 4.0
419 54 4.0
419 65 2.0
419 303 4.0
419 323 3.0
419 377 2.0
419 420 3.0
419 535 2.0
419 777 4.0
419 937 3.0
419 1009 1.0
420 357 3.0
420 377 1.0
420 419 3.0
420 603 4.0
420 937 4.0
420 1009 2.0
421 225 4.0
421 248 4.0
421 270 1.0
421 305 4.0
421 497 3.0
421 539 4.0
422 23 1.0
422 125 4.0
422 615 2.0
423 28 4.0
423 127 2.0
423 636 2.0
423 907 3.0
424 192 3.0
424 273 4.0
424 493 2.0
425 142 4.0
425 168 3.0
425 259 4.0
425 578 3.0
425 642 2.0
425 876 3.0
426 68 3.0
426 689 4.0
426 719 4.0
426 740 4.0
426 791 3.0
426 880 4.0
427 553 4.0
427 556 3.0
427 654 2.0
427 944 2.0
427 945 2.0
427 1008 4.0
428 115 3.0
428 162 1.0
428 331 2.0
428 390 3.0
428 549 2.0
428 574 3.0
428 608 4.0
428 775 4.0
428 952 2.0
429 61 1.0
429 324 4.0
429 344 1.0
429 408 3.0
429 441 1.0
429 609 4.0
429 906 4.0
430 145 3.0
430 521 3.0
430 856 4.0
431 11 4.0
431 59 4.0
431 169 4.0
431 284 4.0
431 315 3.0
431 544 2.0
431 955 3.0
431 1000 3.0
432 31 4.0
432 118 0.0
432 177 3.0
432 195 2.0
432 392 4.0
432 610 2.0
432 644 2.0
432 662 1.0
432 767 0.0
432 917 1.0
432 924 4.0
432 979 4.0
432 981 4.0
433 568 0.0
433 920 4.0
434 13 3.0
434 38 2.0
434 44 3.0
434 147 3.0
434 334 4.0
434 460 3.0
434 537 4.0
434 614 4.0
435 614 4.0
435 672 3.0
435 814 4.0
435 873 1.0
435 1002 1.0
436 114 4.0
436 121 4.0
436 299 4.0
436 364 0.0
436 747 1.0
436 752 4.0
436 831 3.0
436 869 1.0
436 915 4.0
437 386 4.0
437 514 4.0
437 613 4.0
437 673 4.0
437 744 3.0
437 754 3.0
438 280 4.0
438 602 4.0
438 726 2.0
438 820 4.0
438 868 4.0
439 771 4.0
439 776 3.0
439 840 4.0
440 405 4.0
440 533 3.0
441 61 1.0
441 324 3.0
441 344 2.0
441 408 2.0
441 429 1.0
441 609 3.0
441 906 4.0
442 529 4.0
443 103 2.0
443 188 1.0
443 372 1.0
443 550 2.0
443 582 1.0
443 908 4.0
444 105 4.0
444 159 4.0
444 550 4.0
444 561 2.0
444 709 1.0
444 908 2.0
444 960 1.0
445 646 3.0
445 802 3.0
445 850 4.0
446 82 2.0
446 242 3.0
446 313 3.0
446 327 4.0
446 731 4.0
446 756 3.0
446 986 4.0
447 3 3.0
447 53 4.0
447 458 4.0
447 509 3.0
448 154 4.0
448 160 3.0
448 240 3.0
448 634 3.0
448 649 1.0
449 57 3.0
449 295 1.0
449 346 4.0
449 394 1.0
449 569 4.0
449 755 3.0
450 236 2.0
450 263 3.0
450 268 2.0
450 309 3.0
450 321 4.0
450 545 2.0
450 713 4.0
450 830 2.0
451 146 1.0
451 276 3.0
451 339 3.0
451 508 4.0
451 716 1.0
452 345 1.0
452 472 3.0
452 514 4.0
452 562 1.0
452 648 1.0
452 792 4.0
452 1007 1.0
453 104 3.0
453 295 4.0
453 418 3.0
453 457 3.0
453 464 4.0
453 585 4.0
453 708 1.0
453 863 1.0
454 29 4.0
454 380 4.0
454 823 4.0
454 926 4.0
455 119 4.0
455 194 4.0
455 199 3.0
455 381 2.0
456 43 4.0
456 249 4.0
456 829 2.0
456 898 3.0
457 104 0.0
457 416 3.0
457 418 2.0
457 453 3.0
457 585 1.0
457 708 4.0
457 863 4.0
458 213 2.0
458 297 3.0
458 447 4.0
458 623 2.0
459 88 4.0
459 262 4.0
459 542 4.0
459 739 4.0
459 766 1.0
459 948 4.0
460 10 3.0
460 13 4.0
460 44 4.0
460 147 1.0
460 386 4.0
460 434 3.0
460 537 4.0
460 613 4.0
460 728 3.0
461 828 4.0
461 849 3.0
461 976 4.0
462 172 4.0
462 486 3.0
462 531 4.0
462 588 4.0
462 620 2.0
463 143 4.0
463 196 2.0
463 316 4.0
463 629 2.0
464 453 4.0
464 586 4.0
464 708 3.0
464 863 4.0
464 870 2.0
464 953 2.0
464 994 4.0
465 740 4.0
466 47 4.0
466 55 3.0
466 98 4.0
466 186 1.0
466 405 4.0
466 491 3.0
466 531 4.0
466 807 4.0
466 949 4.0
466 963 4.0
467 80 4.0
467 144 4.0
467 217 2.0
467 347 2.0
467 505 4.0
467 523 4.0
467 591 0.0
467 600 4.0
467 768 4.0
468 219 4.0
468 493 4.0
468 734 4.0
468 798 1.0
468 806 4.0
468 934 2.0
468 964 2.0
469 563 3.0
469 844 4.0
470 77 4.0
470 158 3.0
470 247 3.0
470 313 4.0
470 731 4.0
470 911 2.0
470 972 2.0
470 1013 1.0
471 234 4.0
471 689 4.0
471 694 4.0
471 778 4.0
471 999 4.0
472 67 4.0
472 345 3.0
472 452 3.0
472 514 2.0
472 562 3.0
472 648 2.0
472 1007 4.0
473 332 4.0
473 632 4.0
473 645 2.0
473 698 4.0
473 706 2.0
473 899 4.0
473 946 4.0
473 991 3.0
474 67 3.0
474 109 3.0
474 758 4.0
474 801 2.0
475 0 4.0
475 34 4.0
475 207 2.0
475 638 4.0
475 813 4.0
476 161 4.0
476 296 1.0
476 703 4.0
476 837 3.0
476 909 4.0
476 910 3.0
477 590 2.0
477 715 4.0
477 813 4.0
478 261 4.0
478 365 2.0
478 382 4.0
478 401 1.0
478 697 4.0
478 816 4.0
478 894 4.0
478 931 2.0
479 212 2.0
479 230 4.0
479 241 4.0
479 314 1.0
479 406 4.0
479 884 4.0
479 954 4.0
480 63 2.0
480 328 1.0
480 492 1.0
480 530 4.0
480 704 2.0
480 748 1.0
480 905 2.0
481 115 4.0
481 254 3.0
481 669 3.0
481 775 1.0
481 932 3.0
481 952 3.0
482 20 4.0
482 283 3.0
482 286 1.0
482 984 2.0
483 285 4.0
483 329 3.0
483 555 1.0
483 575 3.0
483 631 3.0
483 744 4.0
484 2 4.0
484 278 4.0
484 551 3.0
484 567 2.0
484 788 2.0
485 128 3.0
485 398 4.0
485 565 3.0
486 172 1.0
486 462 3.0
486 531 4.0
486 620 3.0
486 874 3.0
486 949 4.0
486 963 3.0
487 116 3.0
487 253 2.0
487 261 4.0
487 502 1.0
487 640 4.0
487 816 4.0
487 889 2.0
487 896 4.0
487 1005 4.0
488 415 2.0
488 516 4.0
488 658 4.0
488 832 4.0
488 864 3.0
488 886 2.0
488 895 4.0
488 965 4.0
488 966 3.0
489 98 3.0
489 800 4.0
490 529 1.0
490 610 4.0
490 843 4.0
490 968 4.0
490 981 4.0
490 990 4.0
491 47 2.0
491 186 3.0
491 224 4.0
491 466 3.0
491 531 4.0
491 588 4.0
491 971 3.0
492 63 4.0
492 328 1.0
492 480 1.0
492 530 4.0
492 704 1.0
492 712 4.0
492 748 2.0
492 905 1.0
493 192 3.0
493 273 4.0
493 424 2.0
493 468 4.0
493 734 4.0
493 798 4.0
494 8 0.0
494 134 1.0
494 151 4.0
494 193 4.0
494 291 3.0
494 522 4.0
494 627 1.0
494 671 2.0
494 762 1.0
494 866 4.0
495 50 1.0
495 133 1.0
495 149 4.0
495 919 4.0
496 148 4.0
496 318 2.0
496 388 4.0
496 389 4.0
496 403 4.0
496 504 4.0
496 641 3.0
496 722 2.0
496 770 4.0
496 772 4.0
496 878 2.0
497 215 4.0
497 225 4.0
497 270 4.0
497 421 3.0
497 546 4.0
498 191 4.0
498 205 3.0
498 519 4.0
498 520 3.0
498 559 4.0
498 572 3.0
498 594 2.0
498 705 3.0
499 362 4.0
499 396 4.0
499 538 1.0
499 633 4.0
499 664 3.0
499 885 3.0
500 69 4.0
500 97 2.0
500 261 4.0
500 353 3.0
500 355 1.0
500 697 4.0
500 889 3.0
501 166 2.0
501 198 4.0
501 229 3.0
501 395 1.0
501 725 4.0
501 879 1.0
501 903 3.0
502 116 4.0
502 202 4.0
502 253 1.0
502 261 4.0
502 487 1.0
502 640 4.0
502 816 3.0
502 889 4.0
502 1005 4.0
503 126 2.0
503 187 2.0
503 540 3.0
503 684 3.0
503 745 3.0
503 858 4.0
504 140 2.0
504 333 3.0
504 389 2.0
504 496 4.0
504 641 3.0
504 772 1.0
505 80 2.0
505 217 2.0
505 237 4.0
505 467 4.0
505 591 4.0
505 711 1.0
505 768 0.0
505 941 2.0
506 125 3.0
506 171 3.0
506 220 4.0
506 221 4.0
506 348 4.0
506 592 1.0
506 669 4.0
506 827 4.0
506 989 1.0
507 657 3.0
507 747 4.0
507 831 4.0
507 915 4.0
508 146 4.0
508 156 4.0
508 451 4.0
508 695 3.0
508 716 4.0
508 921 4.0
508 1012 3.0
509 3 1.0
509 53 3.0
509 170 4.0
509 447 3.0
509 764 4.0
509 996 4.0
510 5 2.0
510 9 3.0
510 155 2.0
510 184 2.0
510 866 3.0
511 170 3.0
511 680 4.0
511 714 4.0
511 947 4.0
511 995 4.0
512 59 3.0
512 154 3.0
512 634 4.0
512 881 4.0
512 955 4.0
512 1000 4.0
513 235 1.0
513 245 1.0
513 516 3.0
513 554 4.0
513 612 2.0
513 763 3.0
513 855 4.0
513 922 2.0
513 965 4.0
514 345 3.0
514 437 4.0
514 452 4.0
514 472 2.0
514 562 3.0
514 648 2.0
514 754 3.0
515 7 4.0
515 101 1.0
515 197 1.0
515 211 3.0
515 256 4.0
515 319 4.0
515 411 3.0
515 647 4.0
516 235 4.0
516 245 4.0
516 415 3.0
516 488 4.0
516 513 3.0
516 612 4.0
516 753 3.0
516 855 4.0
516 922 3.0
516 965 2.0
516 966 2.0
517 168 3.0
517 267 3.0
517 362 4.0
517 396 4.0
518 0 4.0
518 596 1.0
518 691 4.0
518 774 2.0
518 861 4.0
518 936 3.0
519 85 3.0
519 191 4.0
519 205 1.0
519 498 4.0
519 520 4.0
519 559 4.0
519 572 3.0
519 594 4.0
519 603 4.0
519 705 1.0
520 205 3.0
520 498 3.0
520 519 4.0
520 603 4.0
520 626 4.0
520 705 3.0
520 969 3.0
521 145 4.0
521 287 2.0
521 412 3.0
521 430 3.0
521 553 3.0
521 654 4.0
521 780 3.0
521 856 4.0
522 8 4.0
522 151 1.0
522 193 4.0
522 291 4.0
522 340 2.0
522 494 4.0
522 762 4.0
522 938 1.0
523 244 4.0
523 347 2.0
523 467 4.0
523 591 4.0
523 1003 3.0
524 32 2.0
524 111 4.0
524 630 2.0
524 679 4.0
524 773 2.0
524 797 4.0
525 734 4.0
526 242 4.0
526 327 3.0
526 653 4.0
526 756 4.0
526 810 4.0
526 812 4.0
526 904 4.0
527 153 2.0
527 190 3.0
527 639 3.0
527 661 1.0
527 736 4.0
527 828 2.0
528 58 4.0
528 335 3.0
528 534 2.0
528 625 4.0
528 683 1.0
529 442 4.0
529 490 1.0
529 843 4.0
529 981 4.0
529 990 4.0
530 78 4.0
530 328 3.0
530 480 4.0
530 492 4.0
531 47 3.0
531 172 3.0
531 186 2.0
531 405 4.0
531 462 4.0
531 466 4.0
531 486 4.0
531 491 4.0
531 588 4.0
531 874 3.0
531 949 3.0
531 963 2.0
532 832 1.0
532 864 4.0
532 891 2.0
533 172 4.0
533 405 2.0
533 440 3.0
533 874 2.0
533 949 2.0
533 963 3.0
534 27 4.0
534 58 2.0
534 335 4.0
534 528 2.0
534 683 3.0
535 21 3.0
535 54 4.0
535 65 1.0
535 303 4.0
535 323 2.0
535 377 4.0
535 419 2.0
535 777 2.0
535 911 4.0
535 937 4.0
535 1009 3.0
536 41 4.0
536 150 1.0
536 351 3.0
536 369 3.0
536 387 2.0
536 410 4.0
536 659 1.0
537 13 1.0
537 38 4.0
537 147 3.0
537 386 4.0
537 434 4.0
537 460 4.0
537 575 2.0
538 499 1.0
538 633 4.0
538 664 2.0
538 695 4.0
538 885 2.0
538 921 4.0
538 1012 4.0
539 152 4.0
539 185 3.0
539 214 4.0
539 270 4.0
539 400 3.0
539 421 4.0
539 637 4.0
539 897 4.0
539 978 4.0
540 38 4.0
540 126 1.0
540 187 3.0
540 274 4.0
540 334 4.0
540 503 3.0
540 684 0.0
540 745 4.0
541 32 3.0
541 630 3.0
541 666 1.0
541 679 1.0
541 728 4.0
541 814 4.0
542 88 4.0
542 239 2.0
542 262 1.0
542 415 4.0
542 459 4.0
542 616 3.0
542 739 4.0
542 753 3.0
542 948 4.0
542 966 4.0
543 227 2.0
543 332 4.0
543 653 2.0
543 810 2.0
543 812 4.0
543 836 3.0
543 946 4.0
544 277 4.0
544 284 2.0
544 315 4.0
544 431 2.0
545 58 4.0
545 236 0.0
545 263 4.0
545 268 4.0
545 309 4.0
545 450 2.0
545 830 4.0
546 97 4.0
546 215 2.0
546 225 3.0
546 497 4.0
546 617 3.0
547 35 0.0
547 136 3.0
547 293 2.0
547 580 4.0
547 598 2.0
547 685 1.0
547 787 2.0
547 793 4.0
547 833 3.0
547 867 2.0
547 882 2.0
548 87 1.0
548 208 4.0
548 599 4.0
548 651 2.0
548 714 4.0
548 750 4.0
548 888 4.0
548 947 3.0
548 995 2.0
549 162 1.0
549 331 4.0
549 390 1.0
549 428 2.0
549 574 4.0
549 952 3.0
550 103 4.0
550 105 4.0
550 188 3.0
550 372 3.0
550 443 2.0
550 444 4.0
550 561 4.0
550 582 3.0
550 709 3.0
550 908 2.0
551 56 3.0
551 278 1.0
551 383 4.0
551 484 3.0
551 721 4.0
552 88 3.0
552 163 4.0
552 201 4.0
552 417 2.0
552 560 3.0
552 652 4.0
552 739 4.0
552 948 4.0
553 145 3.0
553 287 3.0
553 427 4.0
553 521 3.0
553 654 2.0
553 856 3.0
553 944 2.0
554 66 3.0
554 138 3.0
554 235 4.0
554 245 3.0
554 275 1.0
554 338 4.0
554 391 2.0
554 513 4.0
554 612 2.0
555 285 4.0
555 329 4.0
555 483 1.0
555 575 4.0
555 631 3.0
555 744 4.0
556 287 4.0
556 427 3.0
556 654 4.0
556 944 4.0
556 945 1.0
557 141 4.0
557 723 1.0
558 97 3.0
558 271 4.0
558 353 4.0
558 617 4.0
558 1011 3.0
559 191 1.0
559 205 4.0
559 498 4.0
559 519 4.0
559 572 1.0
559 594 3.0
559 705 4.0
559 805 2.0
560 88 4.0
560 163 1.0
560 417 2.0
560 552 3.0
560 652 2.0
560 973 3.0
561 105 3.0
561 159 4.0
561 444 2.0
561 550 4.0
561 709 1.0
561 908 3.0
561 960 3.0
561 992 4.0
562 345 0.0
562 452 1.0
562 472 3.0
562 514 3.0
562 648 1.0
562 754 4.0
562 792 3.0
562 1007 2.0
563 469 3.0
563 844 4.0
564 292 4.0
564 929 1.0
565 129 4.0
565 134 4.0
565 485 3.0
565 671 3.0
566 18 4.0
566 68 3.0
566 71 3.0
566 719 3.0
566 791 4.0
566 880 1.0
567 250 4.0
567 484 2.0
567 788 1.0
567 962 4.0
568 433 0.0
568 920 4.0
569 2 2.0
569 57 1.0
569 250 4.0
569 368 2.0
569 394 3.0
569 449 4.0
570 96 4.0
570 687 4.0
570 956 2.0
571 132 1.0
571 167 4.0
571 667 4.0
571 764 4.0
572 191 1.0
572 205 3.0
572 498 3.0
572 519 3.0
572 559 1.0
572 594 2.0
572 705 3.0
572 805 3.0
573 70 3.0
573 124 4.0
573 290 1.0
573 311 4.0
573 686 4.0
573 721 2.0
573 757 3.0
573 887 2.0
573 962 3.0
574 115 4.0
574 162 3.0
574 331 1.0
574 428 3.0
574 549 4.0
574 608 3.0
575 13 3.0
575 483 3.0
575 537 2.0
575 555 4.0
575 744 4.0
576 123 2.0
576 288 4.0
576 414 1.0
577 145 3.0
577 222 4.0
577 251 4.0
577 274 3.0
577 402 1.0
577 595 3.0
577 682 1.0
577 745 4.0
577 799 4.0
577 856 2.0
578 233 4.0
578 259 4.0
578 425 3.0
578 642 4.0
578 876 4.0
579 84 4.0
579 769 4.0
579 785 1.0
579 986 2.0
580 35 4.0
580 189 4.0
580 293 3.0
580 385 3.0
580 547 4.0
580 783 4.0
580 793 4.0
580 867 2.0
581 255 4.0
581 325 4.0
581 632 1.0
581 645 3.0
581 698 4.0
581 899 1.0
581 961 2.0
582 103 1.0
582 188 2.0
582 372 1.0
582 443 1.0
582 550 3.0
582 908 4.0
583 46 1.0
583 258 2.0
583 320 2.0
583 844 4.0
583 913 4.0
584 358 1.0
584 660 0.0
584 738 4.0
584 822 4.0
585 104 1.0
585 416 2.0
585 418 1.0
585 453 4.0
585 457 1.0
586 464 4.0
586 617 3.0
586 870 4.0
586 953 2.0
586 994 2.0
587 6 4.0
587 40 3.0
587 76 3.0
587 823 4.0
587 890 4.0
587 893 2.0
587 933 3.0
588 47 2.0
588 462 4.0
588 491 4.0
588 531 4.0
588 681 4.0
589 259 4.0
589 317 2.0
589 1007 4.0
590 207 4.0
590 477 2.0
590 813 4.0
591 80 4.0
591 144 4.0
591 217 2.0
591 347 2.0
591 467 0.0
591 505 4.0
591 523 4.0
591 600 4.0
591 768 4.0
592 125 3.0
592 171 4.0
592 506 1.0
592 669 3.0
592 827 4.0
592 932 4.0
592 989 2.0
593 157 3.0
593 746 4.0
593 819 2.0
593 848 0.0
594 191 2.0
594 205 4.0
594 498 2.0
594 519 4.0
594 559 3.0
594 572 2.0
594 705 4.0
595 126 4.0
595 187 4.0
595 222 4.0
595 251 4.0
595 274 1.0
595 402 2.0
595 577 3.0
595 682 2.0
595 745 4.0
595 799 4.0
596 518 1.0
596 774 1.0
596 936 4.0
597 7 1.0
597 81 3.0
597 179 4.0
597 197 4.0
597 256 3.0
597 319 1.0
597 384 4.0
597 411 2.0
597 647 4.0
597 763 4.0
597 818 3.0
597 862 1.0
597 1004 4.0
598 35 2.0
598 136 4.0
598 293 4.0
598 346 4.0
598 547 2.0
598 685 1.0
598 787 1.0
598 833 3.0
598 867 4.0
598 882 0.0
599 74 4.0
599 208 3.0
599 354 4.0
599 548 4.0
599 611 4.0
599 651 2.0
599 750 2.0
599 826 4.0
599 852 2.0
599 888 2.0
599 983 4.0
600 144 2.0
600 341 3.0
600 347 4.0
600 404 4.0
600 467 4.0
600 591 4.0
601 246 4.0
601 360 4.0
601 624 4.0
601 751 1.0
601 906 4.0
602 280 1.0
602 438 4.0
602 732 3.0
602 820 0.0
602 842 3.0
602 868 1.0
603 205 4.0
603 357 3.0
603 420 4.0
603 519 4.0
603 520 4.0
603 705 4.0
603 969 4.0
604 49 4.0
604 72 3.0
604 276 4.0
604 298 3.0
604 930 2.0
605 174 4.0
605 265 4.0
605 818 3.0
605 923 1.0
605 975 4.0
606 108 2.0
606 398 4.0
606 639 4.0
607 69 2.0
607 116 3.0
607 353 4.0
607 621 2.0
607 896 4.0
607 1011 4.0
608 115 2.0
608 162 4.0
608 223 3.0
608 254 4.0
608 331 3.0
608 428 4.0
608 574 3.0
608 741 4.0
608 760 4.0
608 923 4.0
608 952 4.0
608 975 4.0
609 61 3.0
609 324 4.0
609 344 4.0
609 408 1.0
609 429 4.0
609 441 3.0
609 906 1.0
610 118 2.0
610 177 4.0
610 195 2.0
610 432 2.0
610 490 4.0
610 644 4.0
610 662 3.0
610 767 2.0
610 917 2.0
610 968 4.0
610 981 4.0
611 208 4.0
611 599 4.0
611 852 2.0
611 888 4.0
612 62 4.0
612 66 3.0
612 138 4.0
612 235 2.0
612 245 1.0
612 275 4.0
612 391 4.0
612 513 2.0
612 516 4.0
612 554 2.0
612 922 4.0
612 965 4.0
613 10 1.0
613 147 4.0
613 386 1.0
613 437 4.0
613 460 4.0
613 673 4.0
613 728 4.0
613 744 2.0
614 44 1.0
614 334 3.0
614 434 4.0
614 435 4.0
614 814 1.0
615 23 1.0
615 125 4.0
615 220 4.0
615 422 2.0
616 88 4.0
616 239 1.0
616 262 2.0
616 542 3.0
616 739 4.0
616 753 4.0
616 855 4.0
616 948 4.0
616 973 4.0
616 1004 4.0
617 97 4.0
617 546 3.0
617 558 4.0
617 586 3.0
617 994 4.0
618 73 4.0
618 201 2.0
618 213 4.0
618 297 4.0
618 366 1.0
618 743 4.0
618 872 3.0
619 824 2.0
620 96 3.0
620 172 4.0
620 462 2.0
620 486 3.0
621 69 4.0
621 116 3.0
621 607 2.0
621 808 3.0
621 896 2.0
621 1005 4.0
622 27 4.0
622 36 3.0
622 409 4.0
622 718 2.0
623 73 3.0
623 213 1.0
623 297 4.0
623 366 4.0
623 458 2.0
623 942 3.0
624 60 3.0
624 246 2.0
624 282 3.0
624 350 2.0
624 360 4.0
624 407 2.0
624 601 4.0
624 751 2.0
625 51 3.0
625 335 1.0
625 528 4.0
625 683 4.0
625 701 4.0
625 735 3.0
625 891 4.0
626 357 3.0
626 520 4.0
626 643 4.0
626 900 4.0
626 969 1.0
627 8 1.0
627 134 2.0
627 151 4.0
627 155 4.0
627 184 4.0
627 291 2.0
627 494 1.0
627 671 3.0
627 762 2.0
627 866 3.0
628 15 2.0
628 20 4.0
628 36 4.0
628 91 3.0
628 100 4.0
628 180 3.0
628 373 4.0
628 388 4.0
628 409 3.0
628 656 4.0
628 718 4.0
628 720 1.0
628 722 4.0
628 770 3.0
628 878 4.0
628 987 1.0
629 143 4.0
629 196 3.0
629 356 4.0
629 463 2.0
629 668 3.0
629 717 3.0
630 32 1.0
630 524 2.0
630 541 3.0
630 666 4.0
630 679 2.0
630 773 4.0
631 67 4.0
631 285 2.0
631 329 1.0
631 483 3.0
631 555 3.0
631 845 2.0
632 473 4.0
632 581 1.0
632 645 2.0
632 698 3.0
632 899 1.0
632 961 3.0
632 991 4.0
633 156 3.0
633 499 4.0
633 538 4.0
633 664 3.0
633 695 4.0
633 921 3.0
633 1012 4.0
634 11 4.0
634 59 4.0
634 154 1.0
634 448 3.0
634 512 4.0
634 649 4.0
634 955 4.0
634 1000 4.0
635 71 4.0
635 192 4.0
635 203 3.0
635 226 4.0
635 273 4.0
635 310 0.0
635 376 1.0
635 719 4.0
635 786 2.0
635 982 4.0
636 28 2.0
636 127 4.0
636 423 2.0
636 907 2.0
637 94 4.0
637 152 1.0
637 185 1.0
637 400 4.0
637 539 4.0
637 897 2.0
637 909 4.0
637 978 3.0
638 257 2.0
638 475 4.0
639 108 4.0
639 141 4.0
639 527 3.0
639 606 4.0
639 661 3.0
640 116 4.0
640 123 4.0
640 288 2.0
640 487 4.0
640 502 4.0
640 896 3.0
640 1005 1.0
641 318 2.0
641 389 1.0
641 496 3.0
641 504 3.0
641 770 4.0
641 772 2.0
641 878 4.0
642 142 2.0
642 168 4.0
642 425 2.0
642 578 4.0
643 231 3.0
643 300 4.0
643 626 4.0
643 674 2.0
643 877 3.0
643 883 3.0
643 900 1.0
643 993 4.0
644 31 4.0
644 118 2.0
644 143 3.0
644 177 1.0
644 195 4.0
644 196 4.0
644 316 4.0
644 392 1.0
644 432 2.0
644 610 4.0
644 662 3.0
644 767 2.0
644 917 3.0
644 924 4.0
644 979 2.0
644 981 4.0
645 473 2.0
645 581 3.0
645 632 2.0
645 698 2.0
645 706 4.0
645 899 2.0
645 961 4.0
645 991 2.0
646 445 3.0
646 693 4.0
646 926 4.0
647 7 3.0
647 197 3.0
647 211 3.0
647 256 1.0
647 319 3.0
647 338 3.0
647 391 4.0
647 411 3.0
647 515 4.0
647 597 4.0
648 345 1.0
648 452 1.0
648 472 2.0
648 514 2.0
648 562 1.0
648 754 4.0
648 792 4.0
648 1007 3.0
649 63 4.0
649 160 3.0
649 240 3.0
649 448 1.0
649 634 4.0
650 279 1.0
650 696 1.0
650 857 1.0
650 916 3.0
650 991 4.0
651 87 3.0
651 208 3.0
651 548 2.0
651 599 2.0
651 750 2.0
651 852 4.0
651 888 2.0
651 995 4.0
652 163 1.0
652 417 1.0
652 552 4.0
652 560 2.0
653 82 4.0
653 227 4.0
653 242 3.0
653 526 4.0
653 543 2.0
653 756 3.0
653 810 0.0
653 812 3.0
653 836 3.0
654 287 3.0
654 427 2.0
654 521 4.0
654 553 2.0
654 556 4.0
654 944 1.0
654 945 3.0
655 120 4.0
655 173 1.0
655 182 4.0
655 204 3.0
655 736 4.0
655 875 4.0
656 100 1.0
656 318 4.0
656 409 4.0
656 628 4.0
656 720 4.0
656 770 2.0
656 878 4.0
656 987 4.0
657 507 3.0
657 747 4.0
657 752 4.0
657 915 2.0
657 934 4.0
658 243 1.0
658 488 4.0
658 700 3.0
658 765 4.0
658 832 4.0
658 864 1.0
658 886 1.0
658 895 0.0
659 150 1.0
659 351 3.0
659 369 3.0
659 387 2.0
659 410 4.0
659 536 1.0
660 358 1.0
660 584 0.0
660 738 4.0
660 822 4.0
661 141 4.0
661 153 2.0
661 190 3.0
661 527 1.0
661 639 3.0
661 736 4.0
661 828 3.0
662 31 3.0
662 118 1.0
662 177 4.0
662 195 2.0
662 392 4.0
662 432 1.0
662 610 3.0
662 644 3.0
662 767 1.0
662 917 1.0
662 924 3.0
662 979 4.0
663 87 4.0
663 206 4.0
663 208 4.0
663 680 4.0
663 714 1.0
663 851 2.0
663 888 4.0
663 995 4.0
664 156 4.0
664 499 3.0
664 538 2.0
664 633 3.0
664 695 2.0
664 885 4.0
664 921 2.0
664 1012 2.0
665 144 4.0
665 165 1.0
665 341 3.0
665 726 4.0
665 809 1.0
665 914 4.0
666 32 4.0
666 541 1.0
666 630 4.0
666 679 3.0
666 728 3.0
666 814 4.0
667 167 2.0
667 176 4.0
667 571 4.0
668 25 3.0
668 48 4.0
668 196 4.0
668 301 3.0
668 629 3.0
668 717 4.0
668 967 3.0
668 979 4.0
669 23 4.0
669 125 2.0
669 481 3.0
669 506 4.0
669 592 3.0
669 775 4.0
669 932 3.0
669 989 4.0
670 93 1.0
670 209 2.0
670 322 1.0
670 853 1.0
670 858 4.0
671 8 2.0
671 129 3.0
671 134 1.0
671 193 4.0
671 494 2.0
671 565 3.0
671 627 3.0
671 762 3.0
672 114 4.0
672 299 2.0
672 435 3.0
672 752 3.0
672 873 2.0
672 928 4.0
672 1002 3.0
673 42 2.0
673 337 4.0
673 437 4.0
673 613 4.0
673 854 4.0
673 903 4.0
674 643 2.0
674 824 4.0
674 900 1.0
675 74 4.0
675 194 2.0
675 199 3.0
675 354 3.0
675 826 4.0
675 843 4.0
675 925 3.0
675 927 4.0
675 983 3.0
676 339 3.0
676 343 2.0
676 371 4.0
676 904 2.0
677 234 3.0
677 689 4.0
677 694 3.0
677 699 2.0
677 724 4.0
677 999 4.0
678 232 1.0
678 277 2.0
678 284 4.0
678 732 4.0
679 32 3.0
679 524 4.0
679 541 1.0
679 630 2.0
679 666 3.0
679 814 4.0
680 206 3.0
680 511 4.0
680 663 4.0
680 714 4.0
681 137 4.0
681 588 4.0
681 687 3.0
681 702 4.0
681 742 4.0
682 145 4.0
682 187 4.0
682 222 4.0
682 251 4.0
682 274 2.0
682 402 1.0
682 577 1.0
682 595 2.0
682 745 4.0
682 799 4.0
682 856 3.0
683 335 3.0
683 528 1.0
683 534 3.0
683 625 4.0
684 38 4.0
684 126 1.0
684 187 3.0
684 274 4.0
684 334 4.0
684 503 3.0
684 540 0.0
684 745 4.0
685 35 1.0
685 136 4.0
685 293 3.0
685 346 4.0
685 547 1.0
685 598 1.0
685 787 1.0
685 793 4.0
685 833 3.0
685 867 3.0
685 882 1.0
686 70 2.0
686 124 2.0
686 137 4.0
686 200 1.0
686 218 2.0
686 290 3.0
686 573 4.0
686 702 4.0
686 742 4.0
686 757 2.0
686 759 3.0
686 887 2.0
686 957 4.0
687 570 4.0
687 681 3.0
687 790 3.0
688 130 2.0
688 292 4.0
688 363 4.0
688 727 3.0
689 234 2.0
689 426 4.0
689 471 4.0
689 677 4.0
689 694 2.0
689 699 3.0
689 740 2.0
689 999 4.0
690 12 1.0
690 70 4.0
690 83 4.0
690 124 4.0
690 244 4.0
690 252 2.0
690 311 3.0
690 757 4.0
690 835 4.0
690 997 4.0
691 349 2.0
691 518 4.0
691 701 4.0
691 765 4.0
691 936 1.0
692 148 3.0
692 320 4.0
692 779 4.0
692 844 4.0
693 29 4.0
693 646 4.0
693 761 3.0
693 926 4.0
694 234 0.0
694 471 4.0
694 677 3.0
694 689 2.0
694 699 1.0
694 724 4.0
694 740 4.0
694 999 2.0
695 156 3.0
695 508 3.0
695 538 4.0
695 633 4.0
695 664 2.0
695 921 2.0
695 1012 0.0
696 279 3.0
696 650 1.0
696 712 4.0
696 857 1.0
696 916 2.0
697 253 4.0
697 261 1.0
697 304 4.0
697 355 3.0
697 382 3.0
697 401 3.0
697 478 4.0
697 500 4.0
697 816 4.0
697 889 4.0
698 279 4.0
698 473 4.0
698 581 4.0
698 632 3.0
698 645 2.0
698 706 4.0
698 707 4.0
698 781 3.0
698 899 4.0
698 991 1.0
699 234 1.0
699 677 2.0
699 689 3.0
699 694 1.0
699 724 4.0
699 740 4.0
699 999 2.0
700 243 2.0
700 349 4.0
700 658 3.0
700 715 4.0
700 765 3.0
700 864 4.0
700 886 4.0
700 895 3.0
701 51 2.0
701 243 4.0
701 349 2.0
701 625 4.0
701 691 4.0
701 735 2.0
701 765 2.0
702 64 4.0
702 137 1.0
702 200 4.0
702 218 3.0
702 681 4.0
702 686 4.0
702 742 0.0
702 759 1.0
702 957 3.0
703 107 4.0
703 264 4.0
703 289 4.0
703 296 3.0
703 476 4.0
704 4 4.0
704 63 4.0
704 328 2.0
704 359 4.0
704 480 2.0
704 492 1.0
704 712 4.0
704 748 1.0
704 860 4.0
704 905 0.0
705 85 4.0
705 191 4.0
705 205 0.0
705 498 3.0
705 519 1.0
705 520 3.0
705 559 4.0
705 572 3.0
705 594 4.0
705 603 4.0
706 227 4.0
706 332 4.0
706 473 2.0
706 645 4.0
706 698 4.0
706 916 4.0
706 946 4.0
706 991 3.0
707 281 4.0
707 698 4.0
707 781 2.0
708 104 4.0
708 418 4.0
708 453 1.0
708 457 4.0
708 464 3.0
708 863 1.0
708 953 4.0
709 105 3.0
709 444 1.0
709 550 3.0
709 561 1.0
709 908 1.0
709 960 3.0
710 19 1.0
710 25 4.0
710 48 3.0
710 218 4.0
710 301 4.0
710 790 2.0
710 967 3.0
710 977 2.0
711 80 2.0
711 217 4.0
711 237 4.0
711 505 1.0
711 768 1.0
711 800 4.0
711 834 4.0
711 941 2.0
712 4 3.0
712 84 4.0
712 328 4.0
712 359 4.0
712 492 4.0
712 696 4.0
712 704 4.0
712 769 4.0
712 860 4.0
712 905 4.0
712 916 4.0
713 105 4.0
713 138 4.0
713 263 2.0
713 268 4.0
713 309 2.0
713 321 1.0
713 450 4.0
713 830 2.0
713 992 1.0
714 87 3.0
714 206 4.0
714 208 4.0
714 511 4.0
714 548 4.0
714 663 1.0
714 680 4.0
714 851 3.0
714 888 4.0
714 995 3.0
715 477 4.0
715 700 4.0
716 146 2.0
716 276 2.0
716 339 4.0
716 451 1.0
716 508 4.0
717 25 3.0
717 48 4.0
717 356 2.0
717 629 3.0
717 668 4.0
717 967 4.0
718 15 4.0
718 20 3.0
718 36 1.0
718 100 4.0
718 409 1.0
718 622 2.0
718 628 4.0
718 720 4.0
718 984 4.0
718 987 4.0
719 68 1.0
719 71 2.0
719 310 4.0
719 426 4.0
719 566 3.0
719 635 4.0
719 880 3.0
720 15 1.0
720 20 3.0
720 36 3.0
720 91 4.0
720 100 4.0
720 180 3.0
720 373 4.0
720 388 4.0
720 409 2.0
720 628 1.0
720 656 4.0
720 718 4.0
720 770 4.0
720 984 4.0
720 987 0.0
721 56 4.0
721 290 4.0
721 311 4.0
721 551 4.0
721 573 2.0
721 887 4.0
721 962 2.0
722 91 3.0
722 318 3.0
722 388 2.0
722 403 2.0
722 496 2.0
722 628 4.0
722 770 3.0
722 878 2.0
723 141 3.0
723 557 1.0
724 75 3.0
724 234 4.0
724 375 3.0
724 677 4.0
724 694 4.0
724 699 4.0
724 999 2.0
725 106 1.0
725 129 4.0
725 166 2.0
725 198 1.0
725 501 4.0
725 879 4.0
726 438 2.0
726 665 4.0
726 914 4.0
726 970 4.0
727 130 1.0
727 292 4.0
727 363 1.0
727 688 3.0
728 10 3.0
728 147 4.0
728 337 4.0
728 386 4.0
728 460 3.0
728 541 4.0
728 613 4.0
728 666 3.0
729 181 4.0
729 231 3.0
729 300 3.0
729 378 4.0
729 877 3.0
729 883 4.0
729 988 4.0
729 993 4.0
730 288 4.0
730 317 4.0
730 808 4.0
731 158 1.0
731 313 2.0
731 327 2.0
731 446 4.0
731 470 4.0
732 232 3.0
732 280 2.0
732 602 3.0
732 678 4.0
732 820 3.0
732 868 1.0
733 16 2.0
733 157 4.0
733 238 4.0
733 292 2.0
733 929 4.0
734 468 4.0
734 493 4.0
734 525 4.0
734 798 3.0
735 51 0.0
735 243 4.0
735 335 4.0
735 349 4.0
735 625 3.0
735 701 2.0
735 765 3.0
735 891 4.0
736 153 2.0
736 173 4.0
736 190 1.0
736 527 4.0
736 655 4.0
736 661 4.0
736 828 4.0
736 976 3.0
737 881 3.0
738 584 4.0
738 660 4.0
739 88 1.0
739 239 3.0
739 262 3.0
739 459 4.0
739 542 4.0
739 552 4.0
739 616 4.0
739 766 4.0
739 948 0.0
740 234 4.0
740 426 4.0
740 465 4.0
740 689 2.0
740 694 4.0
740 699 4.0
741 174 4.0
741 223 1.0
741 342 4.0
741 608 4.0
741 760 2.0
741 789 4.0
741 795 4.0
741 923 4.0
741 975 1.0
741 1010 4.0
742 64 4.0
742 137 1.0
742 200 4.0
742 218 3.0
742 681 4.0
742 686 4.0
742 702 0.0
742 759 1.0
742 957 3.0
743 201 4.0
743 618 4.0
743 766 4.0
743 872 1.0
743 912 2.0
744 10 3.0
744 386 2.0
744 437 3.0
744 483 4.0
744 555 4.0
744 575 4.0
744 613 2.0
745 126 3.0
745 187 1.0
745 274 3.0
745 503 3.0
745 540 4.0
745 577 4.0
745 595 4.0
745 682 4.0
745 684 4.0
746 17 3.0
746 238 2.0
746 281 4.0
746 352 2.0
746 593 4.0
746 782 2.0
746 848 4.0
747 114 4.0
747 121 4.0
747 299 3.0
747 364 1.0
747 436 1.0
747 507 4.0
747 657 4.0
747 752 3.0
747 831 4.0
747 869 1.0
747 915 2.0
748 63 2.0
748 328 2.0
748 480 1.0
748 492 2.0
748 704 1.0
748 905 1.0
749 26 4.0
749 168 4.0
749 371 3.0
750 74 3.0
750 208 4.0
750 354 4.0
750 548 4.0
750 599 2.0
750 651 2.0
750 826 3.0
750 852 4.0
750 888 4.0
750 983 4.0
751 45 4.0
751 60 4.0
751 246 3.0
751 350 4.0
751 360 4.0
751 407 4.0
751 601 1.0
751 624 2.0
751 804 4.0
752 299 2.0
752 364 4.0
752 436 4.0
752 657 4.0
752 672 3.0
752 747 3.0
752 869 4.0
752 915 2.0
753 239 4.0
753 262 4.0
753 415 3.0
753 516 3.0
753 542 3.0
753 616 4.0
753 855 3.0
753 922 3.0
753 966 2.0
754 345 4.0
754 437 3.0
754 514 3.0
754 562 4.0
754 648 4.0
754 1001 4.0
755 295 2.0
755 346 4.0
755 394 3.0
755 449 3.0
755 838 4.0
756 82 1.0
756 242 0.0
756 446 3.0
756 526 4.0
756 653 3.0
756 810 3.0
756 986 4.0
757 70 0.0
757 124 1.0
757 200 2.0
757 218 4.0
757 252 4.0
757 290 2.0
757 311 3.0
757 573 3.0
757 686 2.0
757 690 4.0
757 759 4.0
757 887 1.0
757 957 4.0
758 267 3.0
758 362 2.0
758 396 2.0
758 474 4.0
758 801 3.0
758 817 4.0
759 64 4.0
759 70 4.0
759 124 4.0
759 137 2.0
759 200 2.0
759 218 2.0
759 686 3.0
759 702 1.0
759 742 1.0
759 757 4.0
759 957 3.0
760 115 4.0
760 223 2.0
760 254 4.0
760 272 4.0
760 342 3.0
760 608 4.0
760 741 2.0
760 789 2.0
760 795 4.0
760 975 3.0
760 1010 3.0
761 693 3.0
761 912 4.0
762 8 1.0
762 134 1.0
762 151 4.0
762 193 3.0
762 291 3.0
762 494 1.0
762 522 4.0
762 627 2.0
762 671 3.0
762 938 4.0
763 7 4.0
763 81 2.0
763 179 4.0
763 235 3.0
763 245 4.0
763 256 4.0
763 319 4.0
763 513 3.0
763 597 4.0
763 855 2.0
763 862 4.0
763 922 2.0
763 1004 4.0
764 3 4.0
764 132 4.0
764 176 2.0
764 509 4.0
764 571 4.0
764 996 1.0
765 51 3.0
765 243 3.0
765 349 2.0
765 658 4.0
765 691 4.0
765 700 3.0
765 701 2.0
765 735 3.0
765 895 4.0
766 88 4.0
766 459 1.0
766 739 4.0
766 743 4.0
766 872 4.0
766 912 4.0
766 948 4.0
767 31 4.0
767 118 0.0
767 177 3.0
767 195 2.0
767 392 4.0
767 432 0.0
767 610 2.0
767 644 2.0
767 662 1.0
767 917 1.0
767 924 4.0
767 979 4.0
767 981 4.0
768 80 2.0
768 217 2.0
768 237 4.0
768 467 4.0
768 505 0.0
768 591 4.0
768 711 1.0
768 941 2.0
769 4 2.0
769 84 1.0
769 359 2.0
769 579 4.0
769 712 4.0
769 785 3.0
769 860 2.0
770 91 4.0
770 100 4.0
770 318 2.0
770 388 4.0
770 496 4.0
770 628 3.0
770 641 4.0
770 656 2.0
770 720 4.0
770 722 3.0
770 878 1.0
770 987 4.0
771 37 2.0
771 78 3.0
771 439 4.0
771 776 2.0
771 819 3.0
771 918 3.0
772 140 4.0
772 318 4.0
772 333 4.0
772 389 1.0
772 496 4.0
772 504 1.0
772 641 2.0
773 32 4.0
773 111 4.0
773 524 2.0
773 630 4.0
773 797 2.0
773 871 4.0
774 518 2.0
774 596 1.0
774 936 4.0
775 115 3.0
775 254 2.0
775 428 4.0
775 481 1.0
775 669 4.0
775 932 4.0
775 952 2.0
776 37 2.0
776 78 4.0
776 439 3.0
776 771 2.0
776 918 2.0
777 21 2.0
777 54 4.0
777 65 3.0
777 110 4.0
777 303 3.0
777 323 4.0
777 419 4.0
777 535 2.0
777 937 3.0
777 1009 4.0
778 113 4.0
778 269 2.0
778 397 2.0
778 471 4.0
778 784 4.0
778 982 4.0
779 403 3.0
779 692 4.0
780 216 4.0
780 287 2.0
780 412 0.0
780 521 3.0
780 865 4.0
780 958 4.0
781 279 4.0
781 281 3.0
781 352 4.0
781 698 3.0
781 707 2.0
781 991 4.0
782 16 4.0
782 17 1.0
782 238 1.0
782 281 3.0
782 352 2.0
782 367 4.0
782 746 2.0
783 189 4.0
783 385 4.0
783 580 4.0
783 846 2.0
783 925 3.0
783 927 1.0
783 968 4.0
784 75 2.0
784 113 1.0
784 269 3.0
784 294 4.0
784 370 3.0
784 374 3.0
784 375 4.0
784 397 4.0
784 778 4.0
784 919 4.0
785 4 4.0
785 84 3.0
785 359 4.0
785 579 1.0
785 769 3.0
785 860 4.0
785 986 3.0
786 192 2.0
786 203 3.0
786 273 2.0
786 310 2.0
786 376 1.0
786 635 2.0
786 982 3.0
787 35 2.0
787 293 4.0
787 346 4.0
787 547 2.0
787 598 1.0
787 685 1.0
787 833 2.0
787 867 4.0
787 882 1.0
788 250 3.0
788 484 2.0
788 567 1.0
789 223 4.0
789 254 3.0
789 272 3.0
789 342 1.0
789 741 4.0
789 760 2.0
789 795 4.0
789 932 4.0
789 1010 1.0
790 19 3.0
790 25 4.0
790 48 4.0
790 687 3.0
790 710 2.0
790 967 4.0
790 977 4.0
791 68 4.0
791 426 3.0
791 566 4.0
791 880 3.0
791 913 4.0
792 120 4.0
792 345 3.0
792 414 4.0
792 452 4.0
792 562 3.0
792 648 4.0
792 875 3.0
792 1001 4.0
792 1007 4.0
793 35 4.0
793 136 1.0
793 175 1.0
793 293 2.0
793 547 4.0
793 580 4.0
793 685 4.0
793 867 4.0
794 89 3.0
794 161 2.0
794 312 4.0
794 847 4.0
794 910 3.0
794 943 2.0
795 163 4.0
795 272 3.0
795 342 4.0
795 741 4.0
795 760 4.0
795 789 4.0
795 1010 4.0
796 84 4.0
796 359 4.0
796 860 4.0
796 940 3.0
797 111 4.0
797 524 4.0
797 773 2.0
797 871 4.0
798 468 1.0
798 493 4.0
798 734 3.0
798 934 3.0
798 964 4.0
799 145 4.0
799 222 1.0
799 251 1.0
799 402 3.0
799 577 4.0
799 595 4.0
799 682 4.0
799 856 4.0
800 489 4.0
800 711 4.0
800 834 4.0
800 941 4.0
801 109 4.0
801 267 3.0
801 362 4.0
801 396 4.0
801 474 2.0
801 758 3.0
802 112 4.0
802 445 3.0
802 850 1.0
802 897 4.0
803 79 0.0
803 159 4.0
803 211 3.0
803 338 3.0
803 391 4.0
803 393 1.0
804 45 0.0
804 216 4.0
804 246 3.0
804 350 4.0
804 360 1.0
804 751 4.0
804 822 2.0
804 865 4.0
804 958 3.0
805 191 3.0
805 559 2.0
805 572 3.0
806 102 3.0
806 219 1.0
806 468 4.0
806 951 2.0
806 964 2.0
807 55 1.0
807 98 4.0
807 186 4.0
807 405 4.0
807 466 4.0
807 949 4.0
808 255 4.0
808 621 3.0
808 730 4.0
808 896 4.0
808 1005 4.0
809 144 4.0
809 165 0.0
809 341 3.0
809 665 1.0
810 82 4.0
810 227 4.0
810 242 3.0
810 526 4.0
810 543 2.0
810 653 0.0
810 756 3.0
810 812 3.0
810 836 3.0
811 216 4.0
811 865 4.0
811 935 3.0
812 26 4.0
812 526 4.0
812 543 4.0
812 653 3.0
812 810 3.0
812 836 1.0
813 207 2.0
813 475 4.0
813 477 4.0
813 590 4.0
814 44 2.0
814 334 4.0
814 435 4.0
814 541 4.0
814 614 1.0
814 666 4.0
814 679 4.0
815 14 0.0
815 54 1.0
815 303 2.0
815 378 2.0
815 883 4.0
815 937 2.0
815 993 3.0
815 1009 4.0
816 202 4.0
816 253 2.0
816 261 3.0
816 365 2.0
816 401 4.0
816 478 4.0
816 487 4.0
816 502 3.0
816 697 4.0
817 307 2.0
817 326 3.0
817 361 3.0
817 758 4.0
817 845 4.0
818 7 3.0
818 174 4.0
818 179 4.0
818 265 4.0
818 319 3.0
818 384 4.0
818 411 3.0
818 597 3.0
818 605 3.0
818 862 3.0
818 923 4.0
819 37 4.0
819 78 3.0
819 157 4.0
819 593 2.0
819 771 3.0
819 848 2.0
820 280 1.0
820 438 4.0
820 602 0.0
820 732 3.0
820 842 3.0
820 868 1.0
821 351 2.0
821 369 2.0
821 387 3.0
822 45 2.0
822 358 4.0
822 360 3.0
822 584 4.0
822 660 4.0
822 804 2.0
822 958 4.0
823 6 3.0
823 380 4.0
823 454 4.0
823 587 4.0
823 893 4.0
823 933 4.0
824 619 2.0
824 674 4.0
824 900 4.0
825 12 4.0
825 252 4.0
825 901 4.0
825 997 3.0
826 74 0.0
826 194 4.0
826 199 4.0
826 354 1.0
826 599 4.0
826 675 4.0
826 750 3.0
826 852 4.0
826 983 1.0
827 171 2.0
827 221 4.0
827 330 4.0
827 348 3.0
827 399 3.0
827 506 4.0
827 592 4.0
827 920 4.0
827 989 3.0
828 153 3.0
828 190 4.0
828 461 4.0
828 527 2.0
828 661 3.0
828 736 4.0
828 976 3.0
829 56 4.0
829 249 1.0
829 383 3.0
829 456 2.0
829 898 3.0
830 62 4.0
830 138 4.0
830 236 4.0
830 263 1.0
830 268 4.0
830 309 1.0
830 321 1.0
830 450 2.0
830 545 4.0
830 713 2.0
830 992 3.0
831 364 3.0
831 436 3.0
831 507 4.0
831 747 4.0
831 869 4.0
832 488 4.0
832 532 1.0
832 658 4.0
832 864 4.0
832 886 4.0
832 891 3.0
832 895 4.0
832 965 4.0
833 35 3.0
833 139 3.0
833 547 3.0
833 598 3.0
833 685 3.0
833 787 2.0
833 867 4.0
833 882 3.0
834 80 3.0
834 711 4.0
834 800 4.0
834 1006 3.0
835 12 4.0
835 64 4.0
835 83 0.0
835 244 3.0
835 690 4.0
835 959 4.0
835 997 4.0
835 1003 4.0
836 26 4.0
836 227 4.0
836 332 4.0
836 543 3.0
836 653 3.0
836 810 3.0
836 812 1.0
836 946 4.0
837 296 4.0
837 379 3.0
837 476 3.0
837 909 3.0
837 910 4.0
838 264 3.0
838 755 4.0
838 870 4.0
839 24 3.0
839 30 1.0
839 86 2.0
839 367 2.0
839 950 1.0
839 985 3.0
840 439 4.0
841 122 1.0
841 914 2.0
841 970 2.0
842 280 4.0
842 602 3.0
842 820 3.0
842 868 4.0
843 119 3.0
843 381 4.0
843 490 4.0
843 529 4.0
843 675 4.0
843 925 4.0
843 927 4.0
843 990 2.0
844 320 2.0
844 469 4.0
844 563 4.0
844 583 4.0
844 692 4.0
845 285 2.0
845 329 2.0
845 631 2.0
845 817 4.0
846 189 2.0
846 312 3.0
846 385 3.0
846 783 2.0
846 925 3.0
846 927 2.0
847 40 4.0
847 76 4.0
847 89 4.0
847 312 4.0
847 794 4.0
847 933 4.0
847 943 2.0
848 157 3.0
848 593 0.0
848 746 4.0
848 819 2.0
849 52 2.0
849 461 3.0
850 112 3.0
850 400 4.0
850 445 4.0
850 802 1.0
850 897 3.0
851 206 4.0
851 208 3.0
851 663 2.0
851 714 3.0
851 888 4.0
852 74 4.0
852 208 3.0
852 354 4.0
852 599 2.0
852 611 2.0
852 651 4.0
852 750 4.0
852 826 4.0
852 888 3.0
852 983 4.0
853 93 1.0
853 209 3.0
853 322 2.0
853 670 1.0
853 1008 4.0
854 95 3.0
854 182 4.0
854 228 1.0
854 229 3.0
854 395 4.0
854 673 4.0
854 903 4.0
855 81 2.0
855 179 4.0
855 235 4.0
855 384 4.0
855 513 4.0
855 516 4.0
855 616 4.0
855 753 3.0
855 763 2.0
855 862 4.0
855 922 2.0
855 1004 3.0
856 145 1.0
856 402 3.0
856 430 4.0
856 521 4.0
856 553 3.0
856 577 2.0
856 682 3.0
856 799 4.0
857 279 2.0
857 650 1.0
857 696 1.0
857 916 3.0
858 114 3.0
858 121 2.0
858 209 2.0
858 322 4.0
858 503 4.0
858 670 4.0
858 928 4.0
859 202 4.0
859 260 3.0
859 365 4.0
859 894 4.0
860 4 1.0
860 84 1.0
860 359 0.0
860 704 4.0
860 712 4.0
860 769 2.0
860 785 4.0
860 796 4.0
860 905 4.0
861 0 1.0
861 34 2.0
861 518 4.0
862 7 2.0
862 81 2.0
862 179 2.0
862 256 4.0
862 319 2.0
862 384 3.0
862 411 3.0
862 597 1.0
862 763 4.0
862 818 3.0
862 855 4.0
862 1004 3.0
863 104 4.0
863 295 4.0
863 418 4.0
863 453 1.0
863 457 4.0
863 464 4.0
863 708 1.0
864 243 2.0
864 488 3.0
864 532 4.0
864 658 1.0
864 700 4.0
864 832 4.0
864 886 1.0
864 895 1.0
865 45 4.0
865 216 0.0
865 412 4.0
865 780 4.0
865 804 4.0
865 811 4.0
865 935 1.0
865 958 1.0
866 5 2.0
866 8 4.0
866 155 1.0
866 184 2.0
866 291 3.0
866 494 4.0
866 510 3.0
866 627 3.0
867 35 2.0
867 136 4.0
867 139 4.0
867 293 2.0
867 385 4.0
867 547 2.0
867 580 2.0
867 598 4.0
867 685 3.0
867 787 4.0
867 793 4.0
867 833 4.0
867 882 4.0
868 232 4.0
868 280 1.0
868 438 4.0
868 602 1.0
868 732 1.0
868 820 1.0
868 842 4.0
869 114 4.0
869 121 3.0
869 299 3.0
869 364 1.0
869 436 1.0
869 747 1.0
869 752 4.0
869 831 4.0
869 915 3.0
869 928 4.0
870 464 2.0
870 586 4.0
870 838 4.0
870 953 4.0
871 111 2.0
871 193 3.0
871 773 4.0
871 797 4.0
872 201 2.0
872 366 4.0
872 618 3.0
872 743 1.0
872 766 4.0
872 912 3.0
873 299 4.0
873 435 1.0
873 672 2.0
873 928 4.0
873 1002 1.0
874 172 2.0
874 186 4.0
874 405 2.0
874 486 3.0
874 531 3.0
874 533 2.0
874 949 1.0
874 963 1.0
875 120 2.0
875 204 2.0
875 414 4.0
875 655 4.0
875 792 3.0
875 1001 4.0
876 135 3.0
876 168 4.0
876 259 1.0
876 317 4.0
876 425 3.0
876 578 4.0
877 231 0.0
877 300 1.0
877 378 4.0
877 643 3.0
877 729 3.0
877 883 1.0
877 900 4.0
877 993 2.0
878 91 4.0
878 318 1.0
878 388 4.0
878 389 4.0
878 403 4.0
878 496 2.0
878 628 4.0
878 641 4.0
878 656 4.0
878 722 2.0
878 770 1.0
879 42 4.0
879 166 3.0
879 229 3.0
879 337 4.0
879 395 1.0
879 501 1.0
879 725 4.0
879 903 2.0
880 18 4.0
880 68 3.0
880 71 4.0
880 426 4.0
880 566 1.0
880 719 3.0
880 791 3.0
881 512 4.0
881 737 3.0
882 35 2.0
882 136 4.0
882 293 4.0
882 346 4.0
882 547 2.0
882 598 0.0
882 685 1.0
882 787 1.0
882 833 3.0
882 867 4.0
883 14 4.0
883 231 1.0
883 300 2.0
883 378 3.0
883 643 3.0
883 729 4.0
883 815 4.0
883 877 1.0
883 900 4.0
883 993 1.0
884 49 4.0
884 212 2.0
884 230 1.0
884 241 1.0
884 298 2.0
884 314 4.0
884 344 4.0
884 479 4.0
884 954 1.0
884 998 2.0
885 326 4.0
885 499 3.0
885 538 2.0
885 664 4.0
886 243 3.0
886 415 4.0
886 488 2.0
886 658 1.0
886 700 4.0
886 832 4.0
886 864 1.0
886 895 1.0
887 70 1.0
887 124 2.0
887 200 3.0
887 218 4.0
887 252 4.0
887 290 1.0
887 311 3.0
887 573 2.0
887 686 2.0
887 721 4.0
887 757 1.0
888 87 4.0
888 208 1.0
888 548 4.0
888 599 2.0
888 611 4.0
888 651 2.0
888 663 4.0
888 714 4.0
888 750 4.0
888 851 4.0
888 852 3.0
888 995 4.0
889 69 4.0
889 116 3.0
889 253 4.0
889 261 4.0
889 353 4.0
889 355 3.0
889 487 2.0
889 500 3.0
889 502 4.0
889 697 4.0
890 587 4.0
890 893 1.0
890 947 4.0
891 51 4.0
891 335 4.0
891 532 2.0
891 625 4.0
891 735 4.0
891 832 3.0
892 178 2.0
892 183 4.0
892 988 4.0
893 40 4.0
893 76 4.0
893 587 2.0
893 823 4.0
893 890 1.0
894 260 2.0
894 365 4.0
894 478 4.0
894 859 4.0
894 931 2.0
895 243 1.0
895 488 4.0
895 658 0.0
895 700 3.0
895 765 4.0
895 832 4.0
895 864 1.0
895 886 1.0
896 116 2.0
896 288 4.0
896 487 4.0
896 607 4.0
896 621 2.0
896 640 3.0
896 808 4.0
896 1005 1.0
897 112 4.0
897 152 3.0
897 185 3.0
897 400 2.0
897 539 4.0
897 637 2.0
897 802 4.0
897 850 3.0
898 249 3.0
898 383 3.0
898 456 3.0
898 829 3.0
899 325 4.0
899 473 4.0
899 581 1.0
899 632 1.0
899 645 2.0
899 698 4.0
899 961 2.0
899 991 4.0
900 231 4.0
900 300 4.0
900 626 4.0
900 643 1.0
900 674 1.0
900 824 4.0
900 877 4.0
900 883 4.0
901 43 4.0
901 164 2.0
901 336 4.0
901 825 4.0
902 21 3.0
902 39 2.0
902 77 3.0
902 110 1.0
902 247 2.0
902 911 4.0
902 972 3.0
903 42 3.0
903 228 4.0
903 229 3.0
903 337 3.0
903 395 2.0
903 501 3.0
903 673 4.0
903 854 4.0
903 879 2.0
904 327 4.0
904 339 4.0
904 343 2.0
904 526 4.0
904 676 2.0
905 4 4.0
905 63 4.0
905 328 2.0
905 359 4.0
905 480 2.0
905 492 1.0
905 704 0.0
905 712 4.0
905 748 1.0
905 860 4.0
906 61 4.0
906 324 3.0
906 344 4.0
906 408 1.0
906 429 4.0
906 441 4.0
906 601 4.0
906 609 1.0
907 28 3.0
907 294 3.0
907 374 4.0
907 423 3.0
907 636 2.0
908 103 4.0
908 105 4.0
908 443 4.0
908 444 2.0
908 550 2.0
908 561 3.0
908 582 4.0
908 709 1.0
908 960 3.0
909 94 4.0
909 112 4.0
909 152 4.0
909 379 4.0
909 476 4.0
909 637 4.0
909 837 3.0
910 89 4.0
910 161 1.0
910 296 3.0
910 476 3.0
910 794 3.0
910 837 4.0
910 943 4.0
911 21 3.0
911 65 4.0
911 77 4.0
911 110 4.0
911 247 2.0
911 323 4.0
911 470 2.0
911 535 4.0
911 902 4.0
911 972 1.0
911 1013 2.0
912 743 2.0
912 761 4.0
912 766 4.0
912 872 3.0
913 46 3.0
913 258 2.0
913 583 4.0
913 791 4.0
914 122 3.0
914 665 4.0
914 726 4.0
914 841 2.0
914 970 1.0
915 299 4.0
915 364 4.0
915 436 4.0
915 507 4.0
915 657 2.0
915 747 2.0
915 752 2.0
915 869 3.0
916 279 4.0
916 650 3.0
916 696 2.0
916 706 4.0
916 712 4.0
916 857 3.0
917 31 4.0
917 118 1.0
917 177 4.0
917 195 1.0
917 392 4.0
917 432 1.0
917 610 2.0
917 644 3.0
917 662 1.0
917 767 1.0
917 924 4.0
917 979 4.0
918 37 1.0
918 78 3.0
918 160 4.0
918 240 4.0
918 771 3.0
918 776 2.0
919 113 4.0
919 149 4.0
919 294 4.0
919 370 2.0
919 374 2.0
919 495 4.0
919 784 4.0
920 330 1.0
920 399 3.0
920 433 4.0
920 568 4.0
920 827 4.0
921 156 1.0
921 508 4.0
921 538 4.0
921 633 3.0
921 664 2.0
921 695 2.0
921 1012 2.0
922 81 4.0
922 235 3.0
922 245 4.0
922 513 2.0
922 516 3.0
922 612 4.0
922 753 3.0
922 763 2.0
922 855 2.0
922 965 4.0
922 966 4.0
923 174 3.0
923 223 4.0
923 605 1.0
923 608 4.0
923 741 4.0
923 818 4.0
923 975 3.0
924 31 0.0
924 118 4.0
924 301 4.0
924 392 4.0
924 432 4.0
924 644 4.0
924 662 3.0
924 767 4.0
924 917 4.0
924 979 2.0
924 980 4.0
925 675 3.0
925 783 3.0
925 843 4.0
925 846 3.0
925 927 1.0
926 29 1.0
926 73 4.0
926 454 4.0
926 646 4.0
926 693 4.0
926 942 4.0
927 189 4.0
927 675 4.0
927 783 1.0
927 843 4.0
927 846 2.0
927 925 1.0
928 114 1.0
928 121 2.0
928 299 3.0
928 672 4.0
928 858 4.0
928 869 4.0
928 873 4.0
929 16 4.0
929 130 4.0
929 292 2.0
929 564 1.0
929 733 4.0
930 49 3.0
930 72 2.0
930 298 4.0
930 604 2.0
931 260 4.0
931 365 4.0
931 401 3.0
931 478 2.0
931 894 2.0
932 254 3.0
932 481 3.0
932 592 4.0
932 669 3.0
932 775 4.0
932 789 4.0
933 6 2.0
933 40 4.0
933 76 4.0
933 89 3.0
933 380 4.0
933 587 3.0
933 823 4.0
933 847 4.0
933 943 3.0
934 102 4.0
934 219 4.0
934 468 2.0
934 657 4.0
934 798 3.0
934 964 3.0
935 216 1.0
935 811 3.0
935 865 1.0
935 958 2.0
936 349 4.0
936 518 3.0
936 596 4.0
936 691 1.0
936 774 4.0
937 14 2.0
937 54 1.0
937 65 4.0
937 303 1.0
937 377 4.0
937 378 4.0
937 419 3.0
937 420 4.0
937 535 4.0
937 777 3.0
937 815 2.0
937 1009 2.0
938 151 1.0
938 291 4.0
938 340 2.0
938 522 1.0
938 762 4.0
939 953 4.0
939 985 4.0
939 994 3.0
940 796 3.0
941 80 4.0
941 217 3.0
941 224 4.0
941 237 2.0
941 505 2.0
941 711 2.0
941 768 2.0
941 800 4.0
942 29 2.0
942 73 1.0
942 213 4.0
942 623 3.0
942 926 4.0
943 6 4.0
943 89 2.0
943 161 4.0
943 794 2.0
943 847 2.0
943 910 4.0
943 933 3.0
944 287 4.0
944 427 2.0
944 553 2.0
944 556 4.0
944 654 1.0
944 945 4.0
944 1008 4.0
945 287 4.0
945 427 2.0
945 556 1.0
945 654 3.0
945 944 4.0
946 227 3.0
946 332 1.0
946 473 4.0
946 543 4.0
946 706 4.0
946 836 4.0
947 87 3.0
947 511 4.0
947 548 3.0
947 890 4.0
947 995 2.0
948 88 1.0
948 239 3.0
948 262 3.0
948 459 4.0
948 542 4.0
948 552 4.0
948 616 4.0
948 739 0.0
948 766 4.0
949 172 3.0
949 186 3.0
949 405 1.0
949 466 4.0
949 486 4.0
949 531 3.0
949 533 2.0
949 807 4.0
949 874 1.0
949 963 1.0
950 24 2.0
950 30 2.0
950 86 3.0
950 117 4.0
950 367 2.0
950 839 1.0
950 985 3.0
951 102 4.0
951 219 3.0
951 806 2.0
951 964 4.0
952 115 3.0
952 162 3.0
952 254 4.0
952 331 4.0
952 390 3.0
952 428 2.0
952 481 3.0
952 549 3.0
952 608 4.0
952 775 2.0
953 464 2.0
953 586 2.0
953 708 4.0
953 870 4.0
953 939 4.0
953 994 2.0
954 49 4.0
954 85 4.0
954 212 2.0
954 230 1.0
954 241 0.0
954 298 3.0
954 314 4.0
954 479 4.0
954 884 1.0
954 998 1.0
955 11 3.0
955 59 2.0
955 154 3.0
955 169 4.0
955 315 4.0
955 431 3.0
955 512 4.0
955 634 4.0
955 1000 1.0
956 570 2.0
957 64 2.0
957 70 4.0
957 124 4.0
957 137 2.0
957 200 3.0
957 218 4.0
957 686 4.0
957 702 3.0
957 742 3.0
957 757 4.0
957 759 3.0
958 45 3.0
958 216 1.0
958 246 4.0
958 360 4.0
958 412 4.0
958 780 4.0
958 804 3.0
958 822 4.0
958 865 1.0
958 935 2.0
959 64 4.0
959 83 4.0
959 210 1.0
959 224 4.0
959 237 4.0
959 835 4.0
959 971 4.0
960 159 3.0
960 444 1.0
960 561 3.0
960 709 3.0
960 908 3.0
961 233 4.0
961 255 4.0
961 306 3.0
961 325 2.0
961 581 2.0
961 632 3.0
961 645 4.0
961 899 2.0
962 290 4.0
962 567 4.0
962 573 3.0
962 721 2.0
963 172 2.0
963 186 3.0
963 405 2.0
963 466 4.0
963 486 3.0
963 531 2.0
963 533 3.0
963 874 1.0
963 949 1.0
964 102 3.0
964 219 1.0
964 468 2.0
964 798 4.0
964 806 2.0
964 934 3.0
964 951 4.0
965 62 4.0
965 235 4.0
965 245 4.0
965 415 4.0
965 488 4.0
965 513 4.0
965 516 2.0
965 612 4.0
965 832 4.0
965 922 4.0
965 966 4.0
966 415 1.0
966 488 3.0
966 516 2.0
966 542 4.0
966 753 2.0
966 922 4.0
966 965 4.0
967 19 2.0
967 25 1.0
967 48 1.0
967 301 3.0
967 668 3.0
967 710 3.0
967 717 4.0
967 790 4.0
967 977 3.0
968 490 4.0
968 610 4.0
968 783 4.0
969 357 3.0
969 520 3.0
969 603 4.0
969 626 1.0
970 122 3.0
970 726 4.0
970 841 2.0
970 914 1.0
971 47 4.0
971 210 3.0
971 224 1.0
971 237 4.0
971 491 3.0
971 959 4.0
972 21 4.0
972 77 3.0
972 110 4.0
972 158 4.0
972 247 1.0
972 470 2.0
972 902 3.0
972 911 1.0
972 1013 2.0
973 88 4.0
973 163 4.0
973 239 4.0
973 560 3.0
973 616 4.0
974 302 4.0
975 174 3.0
975 223 1.0
975 605 4.0
975 608 4.0
975 741 1.0
975 760 3.0
975 923 3.0
976 153 4.0
976 190 4.0
976 260 4.0
976 461 4.0
976 736 3.0
976 828 3.0
977 19 1.0
977 25 4.0
977 48 4.0
977 301 2.0
977 710 2.0
977 790 4.0
977 967 3.0
977 980 3.0
978 94 3.0
978 152 2.0
978 185 2.0
978 289 4.0
978 308 4.0
978 539 4.0
978 637 3.0
979 31 2.0
979 118 4.0
979 143 3.0
979 177 3.0
979 196 4.0
979 316 4.0
979 392 1.0
979 432 4.0
979 644 2.0
979 662 4.0
979 668 4.0
979 767 4.0
979 917 4.0
979 924 2.0
980 19 4.0
980 31 4.0
980 301 3.0
980 924 4.0
980 977 3.0
981 118 4.0
981 143 4.0
981 177 2.0
981 316 4.0
981 392 4.0
981 432 4.0
981 490 4.0
981 529 4.0
981 610 4.0
981 644 4.0
981 767 4.0
982 192 4.0
982 310 4.0
982 376 3.0
982 635 4.0
982 778 4.0
982 786 3.0
983 74 1.0
983 194 2.0
983 199 3.0
983 354 0.0
983 599 4.0
983 675 3.0
983 750 4.0
983 826 1.0
983 852 4.0
984 15 3.0
984 20 1.0
984 36 4.0
984 180 4.0
984 286 3.0
984 373 4.0
984 409 4.0
984 482 2.0
984 718 4.0
984 720 4.0
984 987 4.0
985 30 3.0
985 86 3.0
985 839 3.0
985 939 4.0
985 950 3.0
986 82 3.0
986 242 4.0
986 446 4.0
986 579 2.0
986 756 4.0
986 785 3.0
987 15 1.0
987 20 3.0
987 36 3.0
987 91 4.0
987 100 4.0
987 180 3.0
987 373 4.0
987 388 4.0
987 409 2.0
987 628 1.0
987 656 4.0
987 718 4.0
987 720 0.0
987 770 4.0
987 984 4.0
988 181 1.0
988 183 4.0
988 729 4.0
988 892 4.0
989 125 4.0
989 171 2.0
989 220 4.0
989 221 4.0
989 348 3.0
989 506 1.0
989 592 2.0
989 669 4.0
989 827 3.0
990 119 1.0
990 381 3.0
990 490 4.0
990 529 4.0
990 843 2.0
991 279 4.0
991 473 3.0
991 632 4.0
991 645 2.0
991 650 4.0
991 698 1.0
991 706 3.0
991 781 4.0
991 899 4.0
992 66 4.0
992 105 4.0
992 138 3.0
992 263 3.0
992 309 3.0
992 321 2.0
992 561 4.0
992 713 1.0
992 830 3.0
993 14 3.0
993 54 4.0
993 231 2.0
993 300 3.0
993 378 1.0
993 643 4.0
993 729 4.0
993 815 3.0
993 877 2.0
993 883 1.0
994 464 4.0
994 586 2.0
994 617 4.0
994 939 3.0
994 953 2.0
995 87 1.0
995 511 4.0
995 548 2.0
995 651 4.0
995 663 4.0
995 714 3.0
995 888 4.0
995 947 2.0
996 3 4.0
996 176 2.0
996 509 4.0
996 764 1.0
997 12 2.0
997 83 4.0
997 244 2.0
997 252 4.0
997 690 4.0
997 825 3.0
997 835 4.0
997 1003 3.0
998 49 3.0
998 85 3.0
998 212 3.0
998 230 2.0
998 241 1.0
998 298 4.0
998 314 4.0
998 884 2.0
998 954 1.0
999 75 4.0
999 234 2.0
999 471 4.0
999 677 4.0
999 689 4.0
999 694 2.0
999 699 2.0
999 724 2.0
1000 11 4.0
1000 59 1.0
1000 154 4.0
1000 169 3.0
1000 315 4.0
1000 431 3.0
1000 512 4.0
1000 634 4.0
1000 955 1.0
1001 754 4.0
1001 792 4.0
1001 875 4.0
1002 435 1.0
1002 672 3.0
1002 873 1.0
1003 12 4.0
1003 83 4.0
1003 244 1.0
1003 523 3.0
1003 835 4.0
1003 997 3.0
1004 81 2.0
1004 174 4.0
1004 179 1.0
1004 384 1.0
1004 597 4.0
1004 616 4.0
1004 763 4.0
1004 855 3.0
1004 862 3.0
1005 116 3.0
1005 288 3.0
1005 487 4.0
1005 502 4.0
1005 621 4.0
1005 640 1.0
1005 808 4.0
1005 896 1.0
1006 80 3.0
1006 834 3.0
1007 345 2.0
1007 452 1.0
1007 472 4.0
1007 562 2.0
1007 589 4.0
1007 648 3.0
1007 792 4.0
1008 93 4.0
1008 427 4.0
1008 853 4.0
1008 944 4.0
1009 14 4.0
1009 54 3.0
1009 65 4.0
1009 303 4.0
1009 323 4.0
1009 357 4.0
1009 377 2.0
1009 419 1.0
1009 420 2.0
1009 535 3.0
1009 777 4.0
1009 815 4.0
1009 937 2.0
1010 254 4.0
1010 272 2.0
1010 342 0.0
1010 741 4.0
1010 760 3.0
1010 789 1.0
1010 795 4.0
1011 69 2.0
1011 97 4.0
1011 271 4.0
1011 353 2.0
1011 558 3.0
1011 607 4.0
1012 156 3.0
1012 508 3.0
1012 538 4.0
1012 633 4.0
1012 664 2.0
1012 695 0.0
1012 921 2.0
1013 158 4.0
1013 247 4.0
1013 323 4.0
1013 470 1.0
1013 911 2.0
1013 972 2.0
